X1	X2	X3	X4
1.5965	1.9318	2.5312	-1.2467
-1.3531	-0.5387	0.1475	0.6374
-0.5340	-0.8231	-3.7765	3.0736
2.4368	1.2936	5.2412	-4.1739
-0.8764	0.7344	-1.5186	1.2476
0.3237	-1.5909	0.0642	-0.6110
0.2949	-0.5802	-2.3094	-0.2392
1.7697	2.1634	3.9258	-2.4348
-0.5696	-1.0278	-1.1527	0.4672
0.9275	0.5249	-1.1239	0.7679
-0.8952	1.1390	0.8481	-0.1131
0.7228	0.5391	0.6140	-0.9568
0.0735	1.2717	2.7906	1.0508
0.0428	-0.0531	0.5613	0.1455
-0.2650	2.1437	0.7292	2.4311
0.3413	3.5364	6.5219	-1.0714
-0.0451	0.9155	1.1662	0.6414
2.1287	0.3861	4.3819	-3.5174
-0.2184	-0.3347	1.0732	0.3662
-0.5516	-0.8215	-2.8653	1.5408
1.1114	1.7653	2.0604	-1.1025
0.2265	2.4068	1.1713	0.4604
-0.5600	1.2310	-2.8475	1.8394
2.2142	1.6064	2.1540	-1.8031
-2.3545	-0.8524	-8.2322	5.8492
0.1297	3.0884	3.6555	0.0562
-0.3402	-3.0063	-3.0854	0.9878
-0.1748	-1.0868	-1.1637	-0.3065
-1.4122	-0.8649	-3.7611	2.1337
0.9250	-2.3968	-0.1124	-0.6518
0.0777	3.8340	3.5762	1.6566
-1.7685	-2.9101	-1.5600	0.6984
-0.7113	0.1219	0.4617	1.5919
0.5559	-1.3157	-0.7124	-1.4606
1.1001	1.6385	-0.7686	0.4420
0.5896	-0.5081	-6.9304	4.6862
-1.7042	-2.6797	-5.1367	4.5914
0.1769	-2.3334	-3.2821	1.4787
-0.9326	2.5191	-1.6281	2.6428
-1.2326	0.2081	-0.9657	1.5178
0.6364	0.7749	4.5000	-2.8184
0.5612	0.1498	-0.9741	1.3457
-3.6431	-3.2175	-8.3553	4.3526
1.0545	0.7920	4.3681	-3.4370
0.9744	-1.2740	0.0581	-2.2750
-1.1584	-2.2683	-6.2752	3.8435
-3.0674	-2.6288	-5.3517	2.9576
1.2113	-1.5047	1.3365	-2.7420
0.2681	2.1495	1.5107	0.2705
4.1812	0.4805	4.6095	-4.5622
0.9998	0.5670	-0.5645	-0.4979
-1.3545	-2.5626	-3.5330	2.1327
0.2439	0.6946	1.3701	-0.2719
1.3118	0.3833	2.1154	-0.7638
3.0869	2.2621	4.8855	-2.3406
-0.0273	2.0007	0.4828	1.0286
1.1730	-2.8354	0.1932	-2.3709
1.3239	1.5990	3.3123	-0.4536
-1.0170	-1.3470	-3.5312	2.5909
-2.9918	-3.0735	-7.0128	4.0086
-1.3887	-2.4117	-5.1756	3.5913
0.4192	-2.0999	-0.4112	-0.7891
0.2460	-1.5175	-5.5636	1.5229
2.7019	2.1743	5.9948	-4.1803
-0.2331	0.4311	-2.5122	2.8431
-0.4677	0.0469	-0.4889	1.5065
-0.7374	-3.5846	-8.4420	3.7764
-2.0097	1.3734	-3.1374	3.8223
0.7962	0.7504	3.7888	-2.4450
-2.0042	-0.5160	-6.5956	3.0701
0.8916	2.1919	5.5578	-3.0507
-2.3795	-1.2839	-7.4983	4.5376
-0.4182	-1.1249	-3.7585	2.2879
0.8452	-1.0311	0.9977	-2.0574
-2.8068	-0.6680	-5.3106	4.8914
-2.1059	-1.7819	-5.9781	3.7521
0.4640	-1.9262	-0.3873	-0.1669
-1.0490	-0.2643	-5.1514	4.3676
0.9554	3.2631	2.9993	-0.1329
-0.2925	0.5599	3.1589	-0.8583
0.7931	-0.3071	0.1532	-0.4947
1.7271	2.3469	2.0356	-1.4678
-1.3603	-2.0890	-1.5122	0.3788
-2.6751	-3.4254	-12.3697	6.4595
-2.1494	-2.4216	-5.3520	2.6522
-0.7580	0.1091	0.9239	0.5292
0.6881	-0.2192	-1.0209	1.0951
-1.7812	-2.6430	-3.9198	2.8821
0.6492	-1.3901	-3.7831	0.4675
2.6507	-0.0457	3.1187	-2.7490
0.1856	-1.6834	-5.8963	2.2757
-0.0299	-0.7222	2.2546	-3.4088
-0.1102	2.3409	-0.0900	2.6047
-1.3490	-2.1437	-7.5147	5.1208
1.2242	0.5974	2.0204	-0.7831
-1.8642	-1.6897	-4.5146	1.5520
-2.4404	-0.5147	-1.2130	2.8999
1.7227	-0.5911	1.2482	-2.9571
-1.2162	-1.3401	-0.9231	1.9699
0.3403	-0.3786	0.0091	-1.2081
-2.1553	-0.6151	-3.5261	4.2422
3.3400	1.8103	9.1398	-5.6362
-0.8827	-1.7411	-1.9188	0.8611
-2.0933	-0.5016	-5.7441	4.2366
-1.3787	-4.5640	-5.3555	1.9532
1.3913	-0.6684	4.6549	-2.8203
-2.4843	-3.6151	-5.0369	0.5796
1.9433	0.2796	4.5991	-3.7041
-2.7348	-1.1979	-4.7378	3.4317
-0.3516	-2.0759	-7.5872	5.3988
-0.5308	-0.6455	-2.2355	1.4710
-0.7242	-3.4685	-2.5583	1.3005
-0.4002	0.9914	-1.1728	0.1334
4.2371	2.5677	9.9844	-7.7362
1.6782	1.0615	4.2607	-3.5766
0.1953	0.7045	-0.5556	-0.0693
2.3284	0.2227	4.6863	-5.2835
-0.3135	-0.3314	-1.2096	1.9388
1.2249	1.0109	2.4693	-3.4514
-1.0998	0.4451	4.8514	-2.6339
2.4265	2.1323	0.0627	1.1510
-0.7316	-0.9690	-0.5141	-0.8779
1.3801	2.6793	2.4238	-1.5859
-0.8341	-1.6675	-1.5195	-0.2699
0.7962	0.2808	0.8452	-1.8067
-2.8838	-1.1357	-5.1922	3.2373
-1.0604	-2.9211	-2.7934	1.3039
0.5293	-0.2111	2.2460	-2.8001
-0.3194	-0.4765	0.6416	0.1292
0.0004	0.8625	0.4074	0.0677
0.0297	-0.1203	-2.8933	1.2524
-0.9450	-1.3603	1.2798	-1.9173
-0.7734	-0.6945	-0.5401	1.0248
-4.1994	-0.8286	-7.6729	6.6125
-0.1615	-0.4558	-3.1545	0.5898
0.1458	1.1829	1.1628	-0.2824
1.2199	-1.1995	1.9613	-2.6503
0.6011	-1.7384	0.8924	-2.1343
1.5545	-1.3461	1.4273	-1.7387
2.0363	1.6646	5.6232	-3.8885
0.4411	-0.2359	1.9624	-1.2226
-0.5005	-0.6895	-0.3938	0.1937
-0.9216	1.3496	-1.2206	2.1952
-0.3620	1.1273	1.4641	0.1980
0.0009	-1.2036	0.3823	-1.1511
0.4426	0.0973	-2.6538	1.1584
0.5704	1.4307	1.1182	0.6056
0.6516	0.1591	0.4229	-1.4744
-0.1490	0.5567	1.0267	-0.2879
-0.5957	-0.7340	-0.6099	1.0725
1.1510	-0.5709	0.4309	-1.8367
-0.4175	0.9790	-0.8472	1.0913
3.2433	1.1480	6.7128	-4.3630
-2.2498	1.1739	-2.7383	4.0594
-1.7663	0.0562	-1.8796	1.7681
0.0455	-2.3770	-5.9594	1.5001
0.6200	0.7672	-1.2915	1.1930
1.7449	3.0598	3.0987	-2.1958
-2.1537	-1.6538	-0.9811	1.3526
3.2693	2.2623	8.8667	-6.4232
-2.5418	-2.0874	-4.4395	3.5924
-0.1874	0.2489	1.1890	-1.7653
2.0093	0.6826	3.7273	-2.7376
0.8378	-0.5541	-0.9154	-1.3603
-0.6294	-0.2376	-0.3184	-0.6169
-0.9801	-2.6631	-5.2334	2.3826
-3.2742	-0.8862	-4.4974	4.9902
0.0953	-2.5564	-7.2376	2.9273
-0.4881	0.2185	-4.3807	2.8966
0.5816	-0.9432	-4.5754	2.1824
2.0725	1.1681	2.3139	-1.8250
-1.3903	-0.6245	-3.5130	1.0615
0.3243	0.0904	0.2043	-0.8389
-0.2999	0.7884	-0.1525	0.3094
1.7316	1.3177	2.6837	-1.3380
-1.2340	-0.7591	-2.0691	1.7272
0.8851	1.4005	0.9169	-0.0983
-1.0470	-0.3176	-2.0904	2.3384
-0.3246	-0.4068	0.7492	-0.2284
0.9008	1.0458	-0.5154	0.4639
1.0181	-0.6448	0.4453	-2.5961
3.2199	2.7344	7.6222	-5.8998
0.8863	2.2249	7.4320	-5.0233
-1.5635	-3.4240	-5.2470	0.7802
0.2864	-1.0982	-2.6881	-0.1941
2.2644	1.4305	3.3906	-2.9295
-0.8572	1.9340	0.9783	-0.3700
-1.5359	-0.9941	-2.7326	2.0702
0.0894	1.7059	0.4323	1.4157
-0.7489	-1.6015	-1.5935	0.4599
-0.4008	-2.1769	-1.1094	-0.9425
-1.2160	-1.0657	-1.4136	-0.1054
4.3662	2.7749	8.0088	-5.5791
-1.7952	-1.8662	-4.7658	2.8433
-2.5801	1.0983	-1.0144	3.3965
-1.1541	-0.9856	-1.9446	0.8985
0.3534	1.2926	3.4694	0.4110
1.2594	-1.4928	1.1352	-2.0424
0.5664	-0.0766	0.6355	-1.2539
0.0616	0.8213	-2.1652	1.1556
1.3286	0.9518	3.5697	-1.0971
0.4268	0.8468	3.8981	-2.4911
0.1738	-2.0821	-0.9502	-0.1886
-2.3053	-2.2467	-5.3329	1.7075
0.1551	-2.0016	-1.5408	1.7801
-0.0873	-0.8803	0.4661	0.3678
-1.2529	-2.8550	-2.8252	-0.7573
-1.0638	-1.0181	-1.4568	1.4957
1.5296	-0.0775	3.1662	-4.9601
0.9496	0.8964	1.6686	-1.0350
2.1929	2.7616	1.0544	-1.5393
1.0751	1.4492	3.5730	-2.8289
0.3547	2.8589	3.4730	-1.3081
-0.9359	-2.9519	-6.6081	2.4231
-0.4261	0.7983	-0.2062	0.8675
-1.3015	-3.1188	-5.0159	1.8754
1.3450	2.0205	2.3761	-1.5487
-0.8761	-1.0842	-0.1100	-0.3125
1.9513	3.5291	5.8178	-3.4784
1.1531	1.8047	4.3775	-0.3533
1.6769	2.6047	6.9848	-3.4919
2.0417	-0.6782	-1.1469	-1.3506
5.5042	6.8285	15.2329	-7.1656
0.6461	-0.1954	2.1081	-2.1368
1.1879	-1.1135	-0.4115	-0.3581
-0.4616	0.3530	0.6809	0.2633
-0.6886	-1.2449	-4.5088	1.8286
-0.0509	-2.3136	-2.1444	-1.7794
-0.8301	0.0491	-3.1412	1.5123
-1.0521	2.1980	3.6352	-0.2594
1.1270	1.7660	2.7716	-0.2176
-1.2101	-1.2905	-3.1478	2.0882
-3.1625	-0.4278	-5.1595	4.4703
-0.8904	0.5828	-1.2320	1.8461
0.3080	-1.1732	0.9855	-1.3360
1.6252	1.0902	0.5067	-0.6752
-0.5156	-3.0818	-5.9183	1.7039
3.5019	2.9050	8.9734	-4.2632
-0.0674	1.7382	0.4407	1.1769
0.9087	-0.3707	3.2304	-2.1716
0.6138	-0.6148	-4.9123	2.1703
0.0146	-0.8066	-1.3175	1.7949
1.2875	1.7983	4.7959	-2.1424
2.2059	1.1558	3.5481	-1.9744
-1.6157	-1.7924	-2.6122	0.3812
-1.2223	1.2714	-0.1959	2.5478
-0.6379	-1.8011	-4.0655	1.9551
-1.3324	-1.5097	-3.4478	3.4819
0.2289	-0.7851	0.5577	-1.3621
-0.9111	-0.0785	-1.1201	1.0315
1.2474	2.9217	2.4595	-0.0846
-0.3075	0.6807	-1.4733	2.1052
-0.2877	-0.9649	1.7969	-0.2510
0.5301	1.6486	8.6358	-3.2264
3.2727	0.1038	4.4557	-4.9397
1.5508	-1.6453	3.0583	-2.7510
-1.0942	1.9145	-0.0833	2.1941
1.3153	2.2548	3.7981	-2.5167
1.3240	-3.7669	-1.5028	-0.5923
0.5861	-1.1810	-1.1257	0.0362
2.1788	0.7329	3.5500	-3.7137
1.2336	2.3999	5.5298	-2.2696
1.5760	-0.4691	-0.8523	-0.3034
-0.4493	-1.1666	-2.8542	1.0205
0.3196	0.7120	-0.1949	0.8216
-0.2571	0.5850	-1.5508	2.1076
-0.9142	-2.3563	-0.2542	-1.2732
0.5196	-1.1839	1.0947	-2.0705
1.3568	0.5159	3.4062	-2.4577
-1.1448	0.5994	0.0872	1.1835
1.4497	0.6876	0.9298	-0.2632
-0.4823	-1.1339	0.5800	-0.8877
1.2725	-1.3905	-0.1458	-2.3497
0.2171	-2.3009	0.1533	-2.1365
2.2126	0.6912	2.0656	-2.1499
0.8262	1.0688	4.9090	-2.4505
-0.2293	0.0657	2.2661	-1.3346
0.5416	-0.8689	0.3241	-1.1493
-2.0888	0.4386	-5.4098	2.5882
1.9931	2.0103	6.1036	-4.2819
1.1833	1.6964	1.9399	-2.3418
0.4071	0.5929	0.0033	-0.1115
0.9256	0.5096	0.8245	-1.9293
0.1533	-1.2139	-2.1142	-0.1114
-1.0389	1.4322	3.9538	-1.1947
2.3823	1.0864	6.5799	-5.8236
-0.1650	0.2524	-4.0069	3.0230
2.2273	1.0776	6.1224	-3.3105
2.8514	1.2924	4.7604	-4.6667
0.4451	-0.0234	-0.9335	1.1992
0.7234	-0.1112	-2.1594	1.0236
1.3817	0.2557	0.1518	-0.3647
-0.8676	3.2050	1.4045	1.4071
-1.0208	-1.0127	-1.7542	1.2539
2.9928	-1.1768	0.1853	-2.1432
-0.2622	-1.2102	1.8246	-1.5548
-0.5360	-0.3003	0.3159	-0.5400
2.0480	-0.2177	3.9551	-3.6554
0.6411	-0.6241	0.9011	-0.1586
0.2129	-0.7940	-2.6209	0.5476
0.9843	-0.0837	0.7289	-1.0234
-0.3806	0.2572	0.8288	0.7745
-0.7792	1.0777	2.9248	-1.5226
-1.1391	0.6439	-1.1618	0.9721
-0.9805	-0.0092	-1.5397	1.2594
0.6017	1.1494	2.5046	-0.8639
-1.4753	1.4071	1.3571	0.6963
1.0115	-1.5799	-0.8731	-1.3160
1.7226	1.6600	0.0852	0.3308
1.3480	-0.0148	5.3734	-4.8494
0.1641	-0.1248	2.9062	-1.9577
0.6780	-1.2249	0.9514	-1.9637
-0.3522	1.1835	-6.2208	3.8206
1.2880	-2.0658	0.8102	-1.7539
0.5737	2.8383	5.5231	-0.4952
-0.2589	-1.7160	-1.7138	0.3486
-1.8389	2.3087	-3.4283	5.0670
0.7985	0.4468	2.3062	-0.6944
0.5387	0.5453	2.8836	-0.9510
0.2354	0.7182	-0.0892	1.8574
-1.4704	-0.5791	0.9646	-0.6206
0.9445	-0.7659	0.1232	0.3676
0.6503	-0.8865	-1.1328	-0.7310
-2.0777	0.3510	-6.2962	4.9530
-0.7562	0.6894	0.4368	0.3594
1.1315	2.7131	3.6141	-2.6361
1.9641	1.8014	3.6915	-3.1987
-0.6981	-0.8582	-1.4879	1.5782
0.9798	0.5667	1.9690	-0.7638
-0.1371	1.9033	2.5080	0.1476
-0.2075	-0.4012	1.0212	-1.1681
0.7769	1.7579	-1.0691	2.6884
-0.4231	0.1239	-1.1575	0.7820
0.7680	-0.9265	-1.1243	-1.8123
-0.0298	0.5053	1.1264	-1.0654
0.8587	0.9363	0.5602	0.4361
1.8090	0.8741	0.8826	-2.0888
-1.9825	-0.0475	-4.7682	3.8494
-1.6660	-1.6890	-4.4582	2.0007
-4.0222	-3.5853	-9.0256	5.2180
1.5169	-0.3216	-0.1842	-0.6354
2.0141	-0.4163	3.8581	-4.7596
-0.5090	-0.0610	-2.7027	2.5524
0.1948	1.9510	2.3205	-0.9615
-2.0649	0.2799	-6.3878	5.4605
0.3908	2.1679	1.9520	0.5496
0.8635	0.2025	-1.9420	1.7126
-2.2177	-0.7436	-5.8072	4.3569
0.2937	-3.4033	-3.0322	-2.3635
-0.4247	-1.2936	-5.6494	2.8425
-1.6196	1.7558	-0.0086	1.2747
-0.3704	0.0124	1.2095	0.1438
-1.9462	-0.6295	-2.8636	2.5342
0.7782	-0.2524	1.9760	-2.0551
-0.4737	0.9458	0.2696	-0.0889
-2.2038	-2.5927	-4.7823	0.8305
-0.0335	-0.1689	1.1010	-1.9943
-1.8089	-0.2539	-0.7149	0.3156
-0.1496	0.2843	-0.6458	0.6449
-0.3982	-2.5269	-5.0756	1.3177
0.7444	-0.3761	0.0929	-1.6445
2.0087	1.2271	6.0264	-4.6372
2.0531	1.3254	7.4821	-4.7890
0.8365	0.2574	0.1854	-0.5734
-1.0065	-0.1522	-1.9675	-0.0077
-0.1793	1.8505	2.4118	0.1832
0.4286	0.6679	3.2895	-2.3328
-0.5971	-2.5256	-4.4690	2.0558
3.7486	2.4642	5.5073	-4.7669
1.7685	3.0482	8.1091	-3.2706
-2.0702	-0.5206	-3.6233	2.0919
0.5022	-1.9635	-0.0192	-2.6046
0.8925	-0.3761	1.0615	-0.7704
-1.0644	-2.2813	0.5487	0.7270
-0.7065	0.1788	-2.4378	3.7810
0.3566	-0.5163	1.4914	-3.1212
-0.3116	2.7657	6.3579	-2.2936
1.6166	2.8201	6.4765	-3.6202
1.3222	1.5699	2.3551	-0.2910
-0.0229	-0.5340	-6.1633	3.1985
-0.4000	-0.0413	-1.0418	0.9064
-0.2541	-0.8319	-0.5837	-0.3449
0.4777	-1.6357	0.3416	-1.6758
-1.8947	-2.8549	-3.1246	1.0651
-2.7902	-2.8726	-5.4454	3.3593
1.6223	-0.1552	5.3796	-2.4992
-0.7044	1.1885	1.9674	-0.9926
-0.0346	1.1149	-0.1698	1.3702
-0.3950	0.8089	1.9904	-0.3031
-1.0775	-0.2158	-0.9974	0.9336
1.8077	2.7690	5.1844	-1.8942
-1.0829	-3.7728	-7.0063	2.8353
-0.9040	0.0424	-1.3092	2.6733
1.4829	-0.6001	-1.2653	0.3650
-0.6882	-1.0030	-0.5469	0.3131
-0.5370	-0.0606	-4.2318	1.7717
-5.3173	-3.7602	-12.2375	7.6889
-1.4045	-1.3900	-1.2661	-0.7137
-0.1478	-1.7221	-3.4274	-0.0266
-1.0055	-1.5069	-2.3554	0.8027
-0.3564	0.9129	1.9599	-1.1494
-2.4894	1.2891	-0.5321	1.5972
2.0332	1.3876	6.2305	-5.5737
-0.9558	-2.3847	-4.0547	1.0367
1.9379	-0.2305	-1.0330	0.5284
0.8002	0.6307	3.6798	-2.6577
2.1802	2.3576	7.2589	-4.1053
-1.7119	-0.3060	-2.3239	1.2050
1.5588	1.2832	4.6079	-1.9629
-1.0331	0.9331	-1.3287	1.7093
-0.0891	2.9717	6.6764	-3.2694
1.2817	0.8246	5.2128	-4.4197
2.5096	-1.2870	-2.2490	0.0575
-0.3672	0.5419	1.5176	-1.1952
1.7650	3.3577	4.4189	-2.1022
-1.6089	-1.7283	1.1073	-1.2207
-0.1757	-0.9093	-1.5419	0.2170
-0.9463	1.0847	1.1541	-0.3750
-0.1166	-0.2443	-0.3149	-0.3437
-0.1013	0.5573	-1.1419	1.6077
-0.9064	0.8145	-1.4391	1.0227
0.4684	0.8378	0.9773	0.3230
0.7568	0.1192	4.5540	-2.0542
0.4661	0.4808	1.4059	-1.4316
1.0237	0.1574	0.5145	-1.5182
-0.5805	-0.4432	-1.0917	-0.4608
-0.9664	-1.7301	-2.2420	1.5070
-1.2137	-3.8979	-5.1356	1.1398
-1.5166	-2.6050	-3.6480	1.3987
0.7369	-1.5709	0.6149	-0.9784
1.5433	-0.0725	0.8520	-2.9247
0.7304	-0.1601	-0.3013	-0.5007
0.9277	0.7126	-1.4740	0.9135
0.4035	-0.5130	3.2515	-3.5010
-0.5512	1.6825	2.5644	-0.8145
-1.6775	-2.8820	-2.0889	2.5348
-0.6812	-1.4204	-2.1560	1.6197
0.9353	-1.8417	-1.2285	-2.0542
-1.4496	-1.4075	-5.5677	2.4398
-0.8875	-0.5086	-1.1414	-0.2138
0.2952	-0.9677	1.6511	-2.3109
-1.1842	-0.2688	-2.7088	3.0235
0.0490	2.2668	3.5258	-1.6835
0.2752	2.9225	1.7952	0.0441
0.0426	0.7641	1.8436	-1.3904
0.7054	1.9011	3.1317	-0.5929
-1.4029	0.8853	-2.7136	3.5149
1.6428	0.4615	3.8917	-2.5280
-0.2126	-0.3322	-3.1816	2.2332
-0.0205	-0.7875	-0.4408	-1.3112
-1.3860	-0.2288	-1.9956	1.3565
0.2078	1.0024	0.3210	-0.3162
2.3896	0.6038	6.2972	-5.2659
-2.0292	-0.6958	-3.2913	1.1362
0.5285	-0.2367	1.2244	-0.4000
-0.3650	-0.3011	-3.6180	0.7492
-2.0767	-0.5668	-4.8062	4.8506
-1.6003	-1.6550	-5.1442	4.5070
-0.3337	1.5275	2.5641	-0.1624
2.5385	1.0888	0.6648	1.3764
-2.1440	-0.8624	-5.8270	4.6591
-0.7032	-2.0412	-0.7156	-0.1845
-1.1824	-0.1343	-1.4426	1.4865
3.9204	2.6614	11.2546	-7.8718
2.9409	1.6729	5.9901	-3.2825
0.5186	0.5532	0.0883	-1.1553
0.5576	-1.4788	-2.9434	0.9206
-0.2078	-0.5643	-3.7651	1.9992
1.2844	3.4711	6.6786	-3.2572
-0.4150	0.2474	-0.4527	0.5529
0.7910	0.8808	0.9920	-0.0891
-0.2452	-0.8410	-2.7828	1.3194
2.5791	2.8678	7.4368	-4.8089
0.0734	-1.0393	-0.4325	-1.5450
-2.0354	-4.0165	-9.7715	5.9952
-0.4702	0.1289	-0.5959	-0.2064
-0.5092	-0.5041	-0.9797	-0.6220
0.6907	-2.2461	-2.5004	-0.8042
2.8188	2.9688	7.3765	-3.4765
-1.8300	-0.4167	-5.0267	6.1154
-0.4960	-1.9297	-1.0019	0.4766
2.4516	3.6811	7.5530	-4.3169
-0.1333	-2.1123	-3.8694	2.2403
-1.9502	0.3176	-4.2050	3.1979
-1.0983	-0.7515	-3.2498	1.0194
0.1977	2.4065	2.4018	1.2355
1.2419	1.5889	3.1975	-0.8408
-1.3879	0.5526	-1.1236	0.9190
0.6911	-1.4222	-2.4521	0.0576
0.4305	-0.0732	2.9504	-1.0262
1.2013	6.1499	8.3594	-1.5963
1.8223	2.1868	4.1030	-1.3609
1.0511	-0.9998	0.3266	-2.1881
0.1326	2.1729	3.7859	-1.2242
0.3261	-0.5752	-5.9852	4.1713
2.8628	2.1265	6.3173	-2.4528
-2.1117	-1.1102	-5.1553	2.3537
-2.8084	-1.4905	-3.4433	3.6022
0.8118	0.1691	3.8695	-2.6581
0.7636	1.8276	2.6660	-1.0750
1.5946	0.7854	-0.7214	0.6325
-0.1793	-2.4583	-1.4463	-1.6631
-2.3594	-2.8452	-6.3769	4.4957
0.1648	-0.5917	-2.0678	1.0900
2.2427	-0.8667	1.7670	-3.2420
2.7639	1.1780	1.8878	-2.2480
1.1436	2.1204	1.4417	1.1469
-1.4907	-0.0074	-2.2802	3.2874
0.3795	-0.7485	0.4644	-0.7517
0.3807	-0.0131	2.4028	-2.8047
-0.6364	-1.9205	-5.0472	1.8676
0.9429	2.0666	1.1261	-1.3334
-2.0921	-1.2559	-2.3948	2.1164
-0.2230	1.8179	3.2440	0.4291
1.6006	1.3948	3.0061	-1.0781
0.3293	0.7732	2.7791	-0.7487
-0.7142	0.6661	-0.9337	2.1275
-0.3988	0.8504	-1.1529	0.7002
-0.2040	-0.9684	-0.8193	0.7725
1.6455	0.2070	2.3263	-2.5790
-0.4273	1.0425	0.1792	1.7009
-1.8775	-3.0548	-6.0478	2.6908
-0.0667	0.1321	0.8360	-0.8456
-2.9152	-1.1398	-5.9889	4.6127
-2.3761	-2.3381	-4.8401	3.5344
-0.8946	-0.9695	0.2058	-0.8043
-1.5815	-2.0036	-5.2147	3.0081
-0.4855	2.1781	1.2651	1.2643
0.7530	0.2837	3.5230	-1.6341
1.2399	2.7204	6.2693	-2.5256
1.3448	-0.9348	0.8122	-2.2686
1.4983	3.0415	3.7747	-1.1405
1.5516	0.9170	3.8931	-2.2204
1.1848	1.1290	2.8210	-2.2122
2.0984	-0.0944	-0.4749	-0.6728
-0.5457	0.7259	-2.6259	1.0390
-0.1789	-0.8046	-2.0122	0.2740
-2.0944	0.0652	-1.5800	0.8223
0.0852	-0.9229	-5.8945	3.6965
-1.9280	-1.1085	-2.4415	1.9403
0.7448	0.5899	0.3556	0.1131
0.1848	0.6780	0.1260	-1.6031
-0.3137	-0.8117	-2.5116	2.2670
0.9696	2.2983	3.2576	0.4270
0.7940	-0.2125	4.4220	-2.7825
1.0857	0.5550	1.2085	-0.3096
-1.5461	-1.3447	-4.3860	0.6454
2.2300	0.6827	5.2236	-3.6037
-0.7381	1.1226	-0.3998	1.5013
-0.5167	3.3995	3.5874	-0.0536
-0.9952	0.3551	-0.4071	0.5902
0.3521	-1.2482	-1.3518	0.1634
-1.8529	-1.5136	-6.8844	3.8230
-0.6251	1.0938	2.0843	-0.8099
-1.0453	0.9339	2.7539	-1.2591
-1.5018	-3.3243	-6.7784	3.3957
0.1999	-0.8727	-3.4321	1.9241
2.1116	-0.5773	4.0363	-4.4325
-2.0772	-3.1162	-6.8169	3.0730
0.7136	-0.7319	3.7412	-4.5495
-1.5200	0.3938	1.0361	-0.2584
1.9071	0.8798	1.3936	-1.4444
-0.4410	-0.4665	-2.3935	0.7992
2.1993	1.5542	6.0121	-4.3228
1.2863	2.8916	4.4325	-3.9508
-2.1600	1.1749	-5.5785	6.0652
-0.6705	2.2596	1.5543	-0.8681
-1.7318	-0.3791	-5.1305	4.3849
0.2782	-1.4456	-1.0986	-2.0199
0.3863	0.4429	1.5428	1.1638
-2.6023	-1.0358	-9.3293	7.1842
0.8808	2.6916	4.9217	-1.8474
0.5607	1.1119	3.6210	-0.8218
-0.1236	0.8865	-1.4354	0.4916
1.4359	1.8738	3.3129	-1.1316
2.0380	2.9243	6.1414	-3.0039
-0.3707	-2.2055	-0.9255	-1.6478
0.3413	1.0210	0.0486	0.2967
-0.7538	1.4091	0.1480	1.4171
0.5800	-1.4369	-0.1268	-1.8156
-1.2194	-0.3724	-2.9478	2.1171
-2.7535	1.3087	-2.7166	4.0191
-0.9122	-1.4367	-4.6483	1.4464
0.2894	0.3933	-0.8555	-0.2598
1.6797	0.4890	6.9157	-4.7048
3.1391	1.1623	3.8637	-2.1521
2.2554	0.8616	1.5303	-2.6022
1.7831	2.0931	5.0134	-3.3997
2.3964	-0.5511	1.5269	-3.7628
-0.4335	1.0224	0.4363	0.3730
2.8368	2.0923	6.1577	-6.4596
-1.5136	-1.8401	-6.3897	3.0930
1.2340	2.3132	2.0210	-1.0666
1.8245	0.0147	1.5960	-0.7262
-0.1029	1.0259	3.9483	-2.4742
0.8521	2.2326	0.9779	-0.5519
-0.2512	-1.7168	-3.9210	1.7227
-0.5074	-1.3813	0.1607	0.1734
-0.5679	-1.3499	-4.8045	1.7903
2.5907	0.1358	4.7363	-2.6138
-0.1199	2.4480	6.9300	-2.9309
3.1500	3.7134	5.3271	-2.2181
-0.3524	2.6162	3.2818	-1.0317
1.8898	1.8299	1.0254	0.4297
-2.6235	-0.4805	-4.5997	3.9541
0.1237	0.3914	-0.8629	-0.3030
1.2264	-0.8754	-1.7649	-0.5431
-0.3622	0.9604	-3.2174	3.2319
-0.1739	0.7425	-1.7428	3.1774
-0.1493	-0.5510	-2.7563	2.2557
0.2344	-0.2202	0.3227	0.8278
0.4334	-0.5859	0.4953	-0.5898
0.2589	-0.7904	2.1289	-1.7657
0.1317	-0.9855	-5.4206	3.4426
-0.5172	-2.1882	-5.5322	3.0210
0.7729	2.0836	5.0561	-2.2420
-1.4601	0.5390	-2.8784	3.1862
0.9851	0.0733	-0.6878	-1.4259
-1.1015	0.1588	-1.0514	1.9261
0.3966	-0.0978	-0.2437	-2.1797
-1.0532	-1.5558	-6.5850	3.8643
0.9566	-0.9799	2.3249	-2.8886
-0.2569	0.0127	-1.6293	-0.0131
-0.4239	0.7342	0.5092	-0.3967
-0.9301	0.4525	1.6051	0.1072
-1.7584	-2.5341	-6.7663	2.9779
-1.9623	-3.6892	-5.5827	2.2722
2.7664	1.6634	5.0900	-3.5728
0.5391	-0.1807	-0.1209	-1.3062
-0.6893	-0.3125	0.9980	-1.2114
-0.1261	-0.1120	-1.2935	1.5949
-1.6371	-2.3019	-5.4271	4.8718
0.3572	-1.3558	0.3231	-1.4083
0.9581	0.0705	1.6360	-1.0758
-0.4694	-2.5244	-2.9648	0.9117
-1.0652	-1.7772	-5.2080	1.7453
0.0644	2.9434	2.4096	0.3610
-4.2864	-3.8554	-8.2541	4.0060
1.1579	2.7195	4.9093	-1.7684
-2.2723	-4.3696	-6.1028	2.8866
1.1339	0.9380	3.9566	-1.4057
-1.6739	1.8644	2.1380	-0.0728
0.2271	1.2517	-0.7471	1.7673
-0.4451	-3.5905	-5.9526	2.8751
-2.6393	-1.9904	-3.5769	2.3883
1.0658	-0.5721	1.0002	-1.6503
1.7994	-0.0016	2.9390	-3.1616
1.3560	2.1036	1.7753	-0.9173
2.4654	1.3263	2.2450	-1.2442
-1.1571	-0.4202	-2.7559	2.7353
0.1987	-0.5505	-1.1739	1.4127
1.6573	0.2811	7.5435	-5.9809
1.6532	-1.2718	1.3285	-0.5278
2.0056	0.9670	3.8990	-2.6336
-1.5925	-0.1054	-2.6318	3.9877
-1.9717	-1.7238	-4.6351	2.0277
-0.4743	1.2188	4.9574	-1.0265
-0.3430	-1.1567	-0.0678	-0.4417
-0.9014	-1.6637	-4.7514	2.6314
0.0248	-0.0351	0.2174	-0.2780
-0.2315	0.5868	-1.3831	-0.5728
1.0896	-3.6739	-5.5009	2.7907
1.0098	-0.2239	1.4989	-0.0901
-0.5112	-1.5413	0.2148	-1.0150
2.7042	1.8738	7.3293	-4.5882
1.4326	0.0328	-0.0080	-1.7039
-0.0406	-1.4750	-0.8268	-0.0502
2.7576	1.4868	6.0874	-3.5625
0.3189	2.2826	6.1031	-2.4458
0.4314	1.6716	0.9218	1.1936
-1.6366	-1.3725	-2.6552	0.9389
-0.1709	-0.0462	0.7046	-0.2175
2.6064	0.5572	4.5594	-3.9482
-2.5074	-3.5689	-3.3509	0.7043
0.0244	-0.9346	-0.9846	-1.9887
1.3568	0.6403	2.1903	-3.0216
-1.6644	-1.4629	-3.1047	0.3981
-0.5093	-0.0578	-2.4250	2.4190
0.9561	1.4972	4.3274	-3.0884
1.1662	-1.7311	0.6430	-2.1475
0.7167	1.8621	1.1906	1.5188
-0.6799	-1.7699	-5.4328	3.8034
4.3784	-1.2811	6.0003	-6.8917
2.1645	1.1770	3.5724	-3.4549
-0.0222	-1.3736	1.4161	-2.6165
0.9934	-0.7315	0.8272	-1.9442
2.0975	-1.0364	3.4429	-4.7448
1.0132	-1.0316	1.2713	-1.9924
-2.1901	-0.7327	-5.1799	4.9023
-0.6578	-0.6513	-1.4757	0.7210
2.3377	1.9696	6.0484	-3.1770
2.0966	3.0192	7.0154	-2.4716
-1.8232	-1.1540	-3.8854	3.0289
1.0492	0.8859	3.4953	-0.6687
-0.0780	-1.4286	-0.0990	-1.3609
-2.6147	-2.9314	-7.1737	3.3554
-0.3797	-0.9994	-0.5068	0.2821
-0.5883	2.7683	0.2312	1.7857
-1.9550	-2.1571	-1.9613	-0.1790
0.8610	-0.5917	-0.1343	-0.5839
-1.2878	0.1997	3.3016	-1.8341
-1.2752	0.1323	-2.6579	0.8898
1.7618	0.2175	1.4028	-1.8844
1.0489	-0.5406	-4.4620	1.9582
-0.8623	-0.4332	0.6789	-0.0452
0.7031	0.3707	-0.2008	0.1270
-0.1365	-2.3103	-2.6511	-0.8240
-3.8802	-2.8041	-10.3011	6.2112
-0.3059	-0.5435	-1.5907	1.7295
0.9635	2.0682	4.9455	-3.3431
0.2724	-0.1261	-1.2953	1.2412
-1.0932	-1.2984	-4.9961	4.1954
0.4593	-0.8898	-0.1496	0.7429
-0.6008	-1.8822	-2.0838	-0.1470
-0.2894	-1.4399	-0.9138	1.0624
1.1195	1.6896	4.7856	-1.3349
-0.6101	-1.4644	-0.2209	0.0740
-0.9823	-1.3564	-8.1107	6.1613
-0.2871	-2.3579	-2.5207	1.0273
-1.3996	-2.0797	-5.3878	0.9605
0.1586	1.6377	2.7225	-1.5771
0.7576	-1.0180	0.5341	-0.5448
2.2625	3.7654	6.2561	-2.2031
-0.1138	-2.3806	-1.5282	-1.3381
0.7615	0.4179	3.7419	-2.9517
-0.1726	0.6335	1.1747	-0.8028
-0.4223	1.2103	-1.8926	3.0285
0.7808	0.4540	-1.5089	1.1089
3.6356	3.7981	6.4382	-3.7613
0.1498	1.8614	-0.0880	1.6025
0.6793	0.2282	1.5140	-2.2057
-2.5653	-2.2908	-4.3799	2.8453
-0.2687	-0.0179	-2.0255	1.2871
-2.4962	1.0982	-0.0225	1.6916
1.4639	0.9781	4.2122	-3.2954
3.7212	1.2137	8.5306	-5.5978
0.2387	-1.1696	-0.8532	-0.3379
-1.6401	-0.8047	-2.0734	2.7463
2.0442	0.0665	5.0646	-5.0814
-1.1923	-0.9344	-3.0454	2.0790
-1.2149	0.7689	0.5499	-0.5808
-2.2409	-2.2160	-5.0938	2.0659
1.5552	2.0239	5.1544	-2.3121
-1.7324	-0.0044	-4.5564	2.4828
1.5247	-2.2795	0.7732	-3.3832
1.1221	-0.6675	3.9825	-3.6593
0.3188	1.5265	-1.5935	2.2284
3.0233	3.1466	12.3636	-6.9617
1.1194	2.7720	2.9272	-1.8895
1.5494	1.9872	5.5656	-3.3377
-1.6822	-1.8367	-4.2302	2.3039
1.3947	1.5600	4.5044	-3.2547
0.1215	-0.5394	0.1690	-0.8322
-0.1594	-1.5771	-2.9805	3.0002
1.1327	-0.0715	-0.9013	0.6095
-0.0450	1.7883	1.0092	1.0131
1.7916	0.4820	2.6005	-2.6797
1.7938	0.9654	2.7416	-1.4410
1.2135	-1.1143	-0.2934	-0.5654
0.8085	-0.0389	0.3002	-1.5533
1.2718	0.4593	2.0576	-1.2061
1.5051	1.1438	3.0339	-0.7152
2.8014	2.6341	9.2320	-5.3553
0.1666	0.2196	3.8025	-3.0476
-1.5862	-3.2130	-11.6883	6.0569
-0.9010	0.3275	-4.0734	3.6956
0.4443	-1.4317	-4.1204	2.2454
-2.5411	-0.5048	-4.1989	2.6892
-1.0795	1.5069	-1.4695	3.1995
0.8216	1.0885	5.1882	-3.0281
-1.7980	-1.8293	-3.1662	1.7530
1.2806	-0.3515	4.7516	-4.1747
0.8603	0.9322	-0.1634	-0.2821
0.5280	-0.8779	-4.3421	2.1905
0.4077	1.5828	3.3319	-0.8264
-1.8174	-0.3793	-3.2280	-0.8362
1.5437	-1.7161	-0.2614	-1.1579
1.4689	1.1752	4.7164	-3.0481
1.7231	4.1132	7.0049	-1.5048
-2.4787	-1.0572	-5.6670	4.0981
-0.7354	-2.3635	-4.5825	0.7533
1.6047	-2.6641	0.5296	-2.6413
0.5675	-2.1953	0.6447	0.4404
-1.1557	-0.9146	-4.8541	2.3485
-1.1213	-2.8472	-7.5050	2.3083
-2.1167	0.1562	-1.9696	2.7675
0.3083	0.7863	-0.4249	-1.5434
3.4220	2.0851	10.0193	-8.3946
-0.9521	-1.8113	-3.8928	1.8637
0.2222	0.9175	2.2158	0.2372
1.1058	-0.1421	0.7732	-1.1131
0.7845	-0.6041	-0.8784	0.9767
-1.0648	-1.3573	-0.7284	1.6226
1.0128	1.9897	6.6097	-1.5689
-1.9088	-1.6482	-4.5145	2.5891
-2.1415	-2.2058	-5.1069	2.3110
1.6301	-0.8060	0.4963	-2.2831
0.4295	2.0755	0.8334	-0.3676
1.0045	0.2248	2.1153	-1.3418
-0.2528	-1.0271	1.8593	0.1606
1.7251	2.3921	7.3697	-4.1299
1.4776	0.7953	6.1632	-2.4564
-0.7436	1.9432	-2.6722	3.6125
-1.2453	0.6141	-0.6905	0.3417
0.8726	-0.3879	1.4199	-0.2921
-0.3223	0.9870	2.5459	-1.3108
0.9895	-1.2992	-0.6207	0.2275
-0.2987	0.1418	1.4841	-0.4289
1.5179	3.7097	8.3524	-4.3784
-0.4736	1.0035	0.4381	1.0734
0.4417	-0.6257	4.3736	-2.6953
1.2471	1.8066	6.2185	-4.2241
-0.0996	-0.2817	4.0491	-1.9621
-1.5802	0.9391	-1.4888	1.6073
-0.0576	1.6235	0.3006	0.8581
-2.1487	-2.9728	-4.6340	1.1251
0.8510	0.4563	-0.8380	2.0281
-0.5425	-0.2378	-2.1471	-0.2009
-1.2913	-0.1150	-3.5524	3.6515
1.3383	0.0041	2.9470	-2.1635
-0.9895	2.3482	1.3338	2.1067
-0.1765	0.1681	0.6975	0.4729
-1.1093	-1.3506	-1.5457	1.2087
0.4569	-1.9819	-1.2509	0.5046
0.4180	0.4753	0.7380	0.3140
0.6174	0.2082	2.2560	-1.5608
0.0206	-0.9169	0.5629	-2.0283
-0.6089	-1.3124	-2.1512	0.3734
0.2086	0.9283	-3.1881	4.0279
-0.6722	-2.0643	-5.8992	4.3584
-1.3487	-0.5985	-5.2550	2.1263
-0.7162	-0.0180	-0.4828	0.0782
-1.2524	0.2631	-2.2185	1.9211
0.8624	1.4648	3.4350	-0.5811
3.5581	2.3686	6.8965	-3.0155
0.0113	-2.2981	-2.6533	0.9203
-1.1224	-1.8172	-6.3603	1.6610
-1.2686	0.3935	-2.2644	2.1475
0.1640	2.1092	3.1207	1.0396
0.5751	-3.1819	-0.4401	-1.7528
-2.0065	-0.1330	-6.6416	6.5032
-2.3319	-1.5161	-8.2706	4.6513
0.7078	0.9231	-1.2822	2.8137
0.1995	0.4057	-0.0733	0.1255
-0.4133	0.7169	1.3253	1.1245
1.6101	-1.8292	0.5487	-2.1007
-0.3691	-0.3354	-1.9730	0.5926
1.4817	-0.8308	-1.7753	1.2188
1.1180	1.3527	0.2188	0.7798
-3.0147	-1.3141	-0.7538	0.9221
-0.4051	-0.7423	-3.2394	2.7972
-1.7801	-0.2426	-3.0161	1.7034
1.9730	1.3874	6.2731	-3.1762
-0.6916	0.4266	-1.9948	1.3750
0.5252	2.1442	1.2260	0.8049
-1.5541	1.2885	-2.3924	3.4234
-1.7691	-0.8346	-3.8509	3.1037
-0.3988	0.8262	-0.1592	1.6014
0.7706	-1.0916	0.0611	0.7699
0.3244	-1.2660	-3.0729	0.4129
2.2233	1.4447	8.8827	-5.6844
0.3653	0.5260	3.2328	-1.2956
-2.3059	1.2646	-0.8883	2.6511
3.3844	1.4862	9.2205	-6.6256
-1.5386	-2.9513	-2.5138	-0.8812
1.7289	-1.5978	0.4513	-1.2008
1.8409	-0.5542	0.9419	-0.6569
-0.2488	-2.7485	-3.4823	-0.4242
-1.5972	-3.2170	-4.5991	2.1710
0.9626	0.9105	1.1459	0.2531
0.0793	0.2726	-1.0232	-0.3744
-1.8720	1.0298	-0.9318	2.0304
-3.2785	-1.1931	-4.6269	4.3485
0.6145	-0.5310	1.0372	-0.1786
-1.5928	-0.4711	-3.3177	2.1668
-3.7299	0.1839	-4.1066	3.4459
2.5624	2.3571	4.7846	-3.1749
-0.3662	0.3249	-2.7806	2.0380
-0.1434	-0.7936	1.0977	-0.4782
-1.2619	-2.6316	-5.8390	2.7128
-0.2440	-0.0474	1.2883	0.2038
1.7116	4.3079	6.5421	-2.8450
0.4699	-0.5164	-3.5025	1.2556
2.0538	1.4959	6.0458	-4.9034
-1.3319	-1.1391	-2.0509	0.7415
-0.4314	2.5187	2.6116	-0.0447
1.4276	0.4841	-0.6807	0.6815
1.1844	-1.5203	-3.3664	0.4768
2.0630	-1.2109	5.1380	-5.1780
-0.7798	0.4921	2.4351	-2.5345
-0.5923	0.2071	1.0935	-1.5931
-2.2057	-2.4606	-4.4990	3.5762
0.1902	1.2297	4.5037	-3.0583
-0.9481	-1.6088	-3.9758	1.2288
-1.9996	-1.8842	-4.5304	1.9028
-2.8311	0.8297	-4.6880	3.6643
-0.3834	-1.1298	-2.3563	0.3990
0.4108	0.3502	2.4865	0.9682
-0.8911	-2.1341	-2.4387	0.4276
-0.2360	1.1241	0.3989	-1.1227
0.6000	0.6358	3.1179	-2.5400
0.9423	0.3848	3.0226	-1.8750
-2.2447	-0.9059	-5.3375	5.3880
0.4206	-0.8879	-0.5330	-1.2569
0.6792	-2.5826	0.7270	-3.1561
0.9609	-0.4169	-0.6770	0.5305
-1.0252	1.0520	0.9390	-0.0554
1.7432	2.2545	2.4022	-2.5187
2.3201	3.0312	6.0019	-3.3096
0.0268	1.3716	2.7226	-1.3240
-2.1520	-0.0018	1.5365	-0.1421
-1.4908	0.9869	0.0875	2.3002
0.4478	-1.5804	-1.5993	-0.4007
1.0148	0.2336	1.5438	0.3649
3.0342	1.9683	5.0260	-1.9426
-2.1977	0.6929	1.4721	0.6993
-0.8235	-0.6728	-1.7887	1.4228
0.2865	-2.5488	-0.8918	-1.8015
1.7081	0.2245	1.5283	-3.2494
-1.5104	-1.2984	-2.4236	-0.0094
-0.2881	0.6254	1.2586	-0.3946
-0.1275	2.4363	4.5467	-3.5677
-0.5676	-2.2811	-3.1321	1.4466
1.2365	0.6460	0.4365	-0.6743
-0.0203	1.5835	4.6633	-1.5762
0.7448	0.5654	4.4292	-3.2624
-0.4245	-0.8824	-0.4172	0.9748
-0.4719	0.6512	-2.8914	2.5917
0.3949	1.1535	2.7454	-2.5524
-2.4453	-1.4475	-4.0118	2.1455
1.6912	2.4333	5.2287	-3.4691
-1.9255	-1.7185	-4.2911	1.6966
-0.6889	-1.9037	-4.5852	1.5309
0.3858	-4.0632	-4.2260	-2.0084
1.7678	-0.7803	0.5263	-1.7703
0.2198	0.2451	2.1425	-0.4355
-1.2272	-1.0668	-4.7238	3.1097
0.2970	-0.4301	6.3710	-2.7657
-1.0861	-0.8890	-2.1757	1.9959
-3.0449	-1.1105	-1.0689	1.5271
0.3635	1.2751	1.8976	-0.1248
2.9605	0.2632	4.5825	-4.9242
1.6235	4.1810	5.3866	-1.9003
-0.7579	2.2452	0.1601	1.1324
1.9815	0.3855	4.6307	-4.3310
-3.8561	-0.8181	-4.6703	4.3714
1.7959	0.1001	5.2424	-3.2503
2.1906	3.6129	7.4149	-3.1196
-0.1316	-1.2919	-3.1045	1.8348
1.6874	1.8608	2.8347	-1.5903
-0.4934	0.0835	-0.0143	-0.1570
-0.9414	-1.0264	-7.4701	4.8948
0.5066	-4.8677	-5.7864	0.8865
-0.4123	-1.8949	-3.7691	1.5395
0.5088	-0.2363	0.3275	0.6530
-1.4226	-2.2125	-2.9650	-0.4862
0.7531	4.0817	3.1134	-0.7897
0.4348	-0.0293	1.4490	-2.4784
-2.5866	1.8558	-3.2332	4.6329
-2.4787	-3.3568	-9.3677	4.2198
1.5312	0.3457	1.1438	-3.8389
1.0053	-0.4231	1.6691	-1.5971
0.3520	-2.8221	-3.7788	1.0293
0.4167	-2.3110	-3.5823	0.2959
-1.5672	-1.1939	-4.1333	1.0346
1.3579	2.5362	-0.4910	1.3745
2.8494	4.6176	5.9376	-2.8890
-0.8486	0.0291	-0.8164	-0.4758
0.5946	-0.8368	2.7403	-3.0563
-0.9184	-2.1946	-5.5104	2.4887
0.0737	0.3271	-0.0570	2.6579
2.2202	-1.7119	2.0150	-2.8606
-0.9459	0.1048	0.4856	0.5013
-1.4599	-3.4752	-7.3898	3.2768
-1.0102	-0.5379	1.9425	-1.1990
-1.7050	-2.7611	-6.9725	3.4565
2.4867	3.2652	5.6598	-2.5821
-0.0233	-2.3658	-4.1101	-0.0441
-0.4767	-0.1468	-3.5019	4.4525
-2.3441	-2.8149	-6.1705	3.0561
-3.2270	-1.8378	-7.4071	4.3753
-0.3566	-0.8865	0.5252	-0.6009
0.5869	1.0402	5.1448	-3.2719
2.5218	2.3898	6.3268	-3.1936
-1.1675	0.5956	1.1266	1.0595
-0.4406	-2.5685	-1.4456	0.3501
-1.6265	0.6342	-2.5108	2.0912
2.0907	0.2180	3.9074	-3.2475
0.5571	0.9787	-0.9991	0.3672
-1.9831	0.2409	-2.8717	2.6478
0.2004	-2.0845	-6.6055	1.1984
0.5256	-0.6895	-0.2683	-1.5341
-1.1354	-1.9219	-2.6792	1.0117
1.8454	-0.1627	2.9091	-3.4376
-0.6576	0.9699	-1.4452	0.4562
2.4979	0.2235	2.9254	-1.6102
0.9669	0.7859	2.4981	-1.5187
-0.2167	-0.7815	2.0668	-1.7372
1.8839	1.0405	1.8246	-1.8515
-3.0202	1.0411	-6.3536	5.1572
