X1	X2	X3	X4	X5
1.4474	0.1293	0.9908	0.4110	-0.9704
0.1752	3.0346	0.0183	0.4689	-0.0228
0.5917	-4.9931	3.2607	5.0106	3.8371
-1.0403	1.3189	-1.4445	-3.5647	-1.0327
-0.4640	-0.3428	-0.0045	0.7545	-0.2903
-2.9894	0.1857	0.0066	0.6396	0.8743
-0.1336	-4.6173	3.4053	5.4854	3.3966
3.0729	2.7671	0.5360	1.5790	0.7561
-1.7011	1.4032	-1.1285	-2.0285	-0.2523
1.4454	-0.4272	0.6495	0.5338	-0.8981
-2.5878	1.6857	-3.5901	-5.5074	-5.1839
1.8434	-0.0952	3.1171	4.5598	2.5408
-0.8103	0.3630	-1.6491	-1.5113	-0.0264
1.1218	-0.9316	1.2231	1.4777	2.6757
2.1509	-2.0883	2.9637	5.0815	2.4588
-0.8095	-0.1124	-1.8699	-3.2098	-2.8343
-0.9515	-1.3465	1.6649	0.4569	-1.3880
-1.4074	-0.0424	0.7152	1.4192	1.2029
-0.0620	2.0844	-2.7605	-4.1384	-2.1447
0.6832	0.2986	0.3140	-0.1717	0.1797
1.1159	-0.1787	3.5991	6.4665	3.9694
-1.5320	-1.5820	0.3563	0.8534	1.8174
0.7493	0.7914	0.5459	0.1145	-1.5113
1.2020	0.9452	-2.2267	-3.0473	-0.1382
1.8057	-0.6860	2.5258	2.3465	2.2253
-0.6297	0.4262	-1.0583	-0.9413	1.6148
-2.2928	1.3943	-2.1201	-0.9914	0.6683
0.0461	-1.2865	2.2272	2.5193	2.8098
-3.1908	0.0827	-3.2790	-4.0680	-3.7757
0.0762	1.5423	-1.7531	-3.7191	-4.0790
0.0009	-0.2147	0.0709	-1.4609	-1.1988
-0.5207	-2.7984	0.9437	1.7780	1.1900
-1.4597	0.3943	-1.5133	-2.8616	-5.0023
-0.5988	1.2055	-1.1728	-1.6037	-2.1971
0.5783	1.1334	-0.3744	-0.3942	-0.1729
1.4161	0.6336	-2.4037	-2.3805	-1.7908
-1.4847	-0.9112	-1.7575	-3.5051	-1.9370
-0.6722	0.1555	-1.1533	-2.4095	-2.2458
0.9256	1.5521	0.1985	0.6330	-0.3719
0.6780	-1.1888	2.8100	3.5452	4.6472
4.1013	0.0173	3.3565	2.6539	2.1900
1.6237	2.1894	-3.1792	-3.2353	-3.5368
0.7709	1.5031	0.7926	1.5120	3.4413
0.4115	0.0705	-0.9450	-0.8502	-4.0200
0.9628	-3.2960	1.2788	2.0603	-1.1349
-0.6563	1.0738	-3.1101	-4.8085	-4.7801
1.0278	-3.0518	2.1964	4.0031	5.8053
-1.5834	-3.0613	0.8475	2.3375	1.5288
1.2229	-2.3748	1.3103	0.7713	-1.1113
-1.1044	-1.1501	-1.1546	-2.0402	0.3978
-1.6534	-0.6790	-0.6882	-0.6669	-0.8033
1.3978	-0.1364	1.2859	0.2436	-0.2720
-1.1650	1.7175	-0.5224	-0.6763	0.4255
-0.3160	-0.6021	1.6439	3.3460	1.2735
0.6529	2.2330	-1.8819	-1.7042	-1.8322
-0.1239	1.7233	0.1778	0.7289	1.9328
0.2447	-0.5599	-1.1127	-0.6126	0.1311
1.6269	1.5180	-0.8090	-1.8409	-0.8460
0.9320	-1.3198	1.6453	1.4730	2.9672
1.8361	-0.8131	1.2647	1.4026	-0.4022
0.9319	-1.2144	1.4196	1.3069	-0.2633
0.1535	0.6768	-2.1461	-1.9738	0.4346
1.5378	2.4222	0.3279	-0.7321	-0.1706
1.3252	-1.3248	2.1892	3.3657	0.5206
-0.8807	-0.8226	-2.8763	-3.5904	-3.4060
0.9660	0.9926	-1.7023	-2.4005	-3.3842
-1.3314	0.4388	-2.7156	-3.6884	-1.9937
-0.0313	1.4010	-4.0575	-8.4446	-6.9056
-0.9540	-0.9710	0.0563	4.4309	4.2158
0.1295	-0.3959	0.0557	-0.0292	-0.5772
0.4784	1.0325	-0.1211	0.1710	-1.7366
1.6673	-1.4949	3.1355	5.7273	3.7307
-0.6735	2.9505	-3.2068	-8.0058	-5.4524
-2.7666	2.7946	-3.3069	-7.5257	-6.3635
0.0338	-0.4158	-0.1254	0.2719	0.8914
-2.4743	-0.2317	-0.5566	0.5090	0.1155
0.6209	1.1179	-0.4197	-1.0088	-0.1451
-0.7885	-0.9837	0.5321	0.8401	1.9893
0.2795	-2.5980	2.8834	3.6257	4.6130
-1.7968	1.1113	-3.1303	-2.7588	-1.2484
-0.1801	0.0306	-1.1247	-2.1292	-3.7431
-2.5522	-1.3918	-1.0773	-2.9413	-2.6501
-1.6019	-1.4648	-0.6872	-1.0663	-0.3465
0.0727	-0.9179	1.7783	2.5614	1.2489
0.2044	1.6234	-0.1845	0.2363	-0.6718
0.1845	-3.1000	2.1028	3.3860	-1.1393
-0.3353	-0.5003	-0.9578	-1.7370	-2.5152
1.8077	-0.0274	0.3479	0.7740	-0.5383
0.9351	-1.6917	1.3531	3.5799	4.2461
0.6926	-0.6611	2.0596	3.2017	0.9894
-2.3775	1.1123	0.4261	-0.7193	-1.7878
-1.5879	1.5710	-1.4809	-3.4690	-1.9479
-1.4471	0.3301	-2.0498	-2.8283	-1.2652
0.3834	1.6619	-0.8727	-1.3502	-1.0408
-1.6069	2.2393	-2.2456	-2.4699	-2.2456
-0.0402	-0.4529	0.1773	-1.0013	1.0770
0.0085	0.2165	0.3885	3.4585	2.3642
-0.6231	-0.7572	1.8366	0.1712	1.5113
2.2887	-1.7780	4.3678	6.1398	4.0099
0.2562	0.3535	0.1652	-0.2859	-1.0342
0.7486	-1.1310	1.4151	1.9015	1.4479
0.9539	-1.2045	2.6710	1.6298	0.5929
-2.9990	0.1678	-2.1520	-4.2307	-4.0416
-0.9892	-0.4567	-1.4866	-1.7551	-0.8882
1.6089	0.8720	0.3883	0.5094	0.0297
-3.2635	0.7260	-2.8596	-4.9522	-4.5326
-3.5289	1.1591	-4.9285	-6.1489	-4.9150
0.4786	1.2475	-0.1655	-0.3293	-1.8310
-0.0744	1.4256	-3.4839	-5.0236	-3.2193
2.2082	-3.2937	1.6179	1.0308	0.5897
-0.0225	0.3241	0.4669	1.8897	-0.8896
-1.4154	-1.8116	0.5637	-0.0446	1.9709
-4.3682	-0.4530	-3.2095	-3.2094	0.9107
-0.1011	1.4070	-0.9507	-2.3800	1.1991
0.2154	0.2594	1.5246	1.7812	3.2847
0.4798	-1.0346	2.7805	2.0172	1.2880
2.6839	0.7740	-0.3832	-0.1544	0.1609
2.2506	-1.0267	1.9193	4.4123	3.7896
-0.0433	0.8666	0.7078	1.2212	0.2555
-1.6717	-2.9586	0.5251	1.0222	0.1100
0.7250	-0.3011	0.9360	1.7549	0.8038
-4.1257	-1.2102	-0.1617	-1.0103	-0.4872
-0.5826	0.3216	-0.6522	0.1698	0.4682
0.2769	2.0170	-1.9287	-2.4091	-2.2428
0.0001	1.7512	-1.5500	-4.2673	-4.0899
1.2279	0.7508	1.3286	1.7931	1.3625
-0.5479	0.1157	1.2655	2.2294	3.7886
-1.9624	0.8437	-1.5614	-2.5231	-1.8158
1.3490	2.8029	0.2274	1.6631	0.7054
0.1708	-3.6642	3.7504	5.4472	6.1672
-1.3255	-0.5272	-1.2194	-2.3435	-2.7480
-1.8781	0.2504	-1.9557	-3.0793	-1.0924
1.2315	0.5724	1.3368	1.0093	3.3276
-3.0220	-3.6096	0.3850	1.5225	1.6767
-1.3378	1.6138	-1.4296	-0.9842	0.9338
-3.1925	1.7160	-3.0720	-5.5413	-2.0812
0.3787	-0.3585	0.1970	-0.1025	-3.2857
-0.9235	0.6563	-1.9380	-3.7029	-1.3939
0.0645	1.0770	-3.6827	-6.4583	-5.3989
3.8076	2.0443	2.3455	3.0919	1.2151
0.3316	1.1582	0.7149	1.4851	-0.3052
-1.5254	-0.3633	1.1553	3.4043	1.9267
-0.5614	-0.0387	1.5626	3.4741	2.8592
-1.1113	-0.4387	-1.0821	-2.2010	-0.4303
0.6162	-2.4421	3.4423	6.1709	4.1934
-0.2172	-2.1351	-0.0758	1.2589	0.2173
1.5674	0.2121	0.5949	-0.9812	1.7793
-1.0892	1.1778	-1.5296	-3.2115	-0.0322
0.4644	1.3978	-0.5948	-1.2457	0.2323
-0.4939	-1.2399	0.0015	-0.3641	0.3273
-0.4287	1.0191	-1.6838	-4.6337	-2.8919
0.1114	-3.2531	4.1631	5.1125	2.4175
2.7525	1.6237	0.7240	1.1345	1.0294
1.1440	0.6402	0.4690	-1.2409	0.4317
1.6420	0.7948	-0.8904	-0.9394	-0.1192
-0.6374	1.0967	-0.9613	-2.4008	-0.8524
1.4491	-1.3033	1.3071	3.9216	2.3896
1.4693	-1.9418	1.4169	0.5716	-0.3680
-1.9757	-1.0858	-1.0814	-0.8401	-0.3755
-0.8277	-0.3176	-0.9498	-0.3733	0.7110
-1.6861	-0.6136	-0.7139	-2.4482	1.0974
-0.5177	-2.0156	0.0324	1.8070	1.7525
1.1868	-0.4177	0.1892	1.3268	3.6741
-1.4842	1.0161	-1.3544	-2.1838	-2.7023
0.5854	0.1792	-3.3373	-5.4463	-4.1201
-1.3234	2.4034	-2.8713	-3.8662	-1.3797
-2.2124	0.4807	-3.3684	-4.5306	-3.1942
1.2332	-0.8877	0.3872	0.1884	0.7648
-0.4315	-0.2427	-0.7045	-0.6255	-0.9770
0.4020	2.8121	-2.6061	-4.8773	-5.1876
1.7062	1.7586	-0.2925	-0.8965	-1.6620
-0.8155	-0.9568	-0.2390	0.3569	-1.9302
-1.4942	-1.6098	0.2602	0.3292	0.4444
-1.5534	-0.3937	-0.0038	0.4876	0.4629
1.5712	-1.2154	2.7641	3.9372	3.6347
-2.1200	-1.5505	-0.9028	-0.6001	1.7742
-2.4726	-0.5005	-1.0592	-0.0279	-1.3899
0.5659	0.2114	-1.9382	-4.3230	-2.4463
2.0738	0.2170	3.1980	4.2524	3.1722
1.1478	0.9437	0.3691	1.0446	-0.4750
1.6430	1.5548	1.1588	0.7138	3.0910
-0.2280	0.8762	-0.9020	-2.4668	-1.2482
3.4668	-1.2065	1.7787	2.3998	3.6291
0.5492	1.7187	-1.1494	-2.7106	-3.1400
2.9529	-0.0104	1.9947	2.3845	2.4074
-0.4345	-2.8018	0.4275	0.9303	0.0792
-0.0336	1.5885	-0.0615	-0.8640	-1.5369
-1.5427	0.6099	-0.2543	-1.4311	0.6858
-0.2170	-3.8039	2.6007	3.9058	1.4692
-0.6925	0.8004	0.1272	1.4449	1.7261
-0.3892	-0.7042	-0.3165	-1.6176	0.2810
-1.7320	0.2382	-2.8043	-3.2965	-0.8682
2.0976	-2.0483	3.4025	5.4046	4.6635
-1.6182	1.6407	-1.3488	-3.1342	-5.1123
-0.4646	-1.6157	2.8891	4.7383	4.8212
2.7383	2.4052	-0.0713	0.2794	1.6402
-2.7371	0.4604	-2.1045	-3.8563	-5.6082
1.0094	-1.2414	2.6924	2.5733	0.1891
0.2817	-1.2161	1.5317	3.4988	2.9345
0.1267	2.0733	-3.4058	-5.2905	-5.9032
-0.6830	-0.3842	0.7679	0.9721	1.8116
-0.9293	1.0525	-3.0828	-3.9195	-2.4207
-0.8720	0.2709	0.5135	0.8899	1.3727
-1.1576	-1.6585	-0.7683	-2.6914	-0.2668
2.0575	-0.6713	2.7444	4.3154	0.8731
-0.7953	1.8185	-1.2188	0.2194	0.6671
-0.0754	-0.5931	-1.9799	-4.0749	-3.6655
-1.6212	-3.2136	0.5258	0.1644	-1.8825
-4.5256	-0.3326	-2.7782	-4.8183	-1.6351
0.3589	-1.9927	1.0488	-0.1831	1.8092
1.6946	1.8294	-0.3257	0.1129	-0.7577
2.9606	-0.1178	2.3974	4.2352	1.2612
0.8997	2.2576	-1.8048	-3.6258	-3.0405
-0.1132	0.3353	-1.3157	-2.6516	-0.9231
2.4133	1.0239	0.0153	0.6515	-0.1426
2.5713	-1.6026	2.4145	2.8352	1.8423
-1.6852	1.1249	-2.1257	-4.0846	-3.6703
0.4326	-0.4992	1.7388	3.8123	2.2544
1.6344	-0.5301	1.1668	1.1674	2.1833
-0.4771	-0.3199	-0.0918	0.6462	1.9177
-0.1977	-0.9712	1.3000	2.0527	1.8716
1.0993	1.5344	0.1509	-0.9491	-1.1641
1.3129	-0.4021	-1.4911	-4.6086	-4.6570
-0.6482	-0.1995	0.3001	-0.3394	0.4114
-1.1182	-0.1477	-0.8594	-1.0556	-1.0634
-2.0860	-1.1154	-1.9385	-3.7568	-1.5970
-0.5053	1.5281	-2.4596	-2.1654	-0.8712
-0.8073	1.2594	0.2294	1.0157	1.4608
-1.1849	1.8964	-0.7294	-1.0025	0.1624
-0.4242	-2.5575	-0.5596	-2.0415	-1.1668
-0.3473	-1.8220	2.2211	2.5023	2.8223
1.4022	-1.0293	2.2609	4.4245	1.9782
-1.1071	-0.0579	-1.5164	-2.0326	-1.0555
-0.2667	3.2756	-2.8156	-3.5257	-3.7380
1.0242	-1.7298	1.6453	2.3496	0.6216
2.7552	2.3394	1.5218	1.9440	2.9778
-3.1677	0.8090	-2.4513	-4.9925	-2.3268
-0.0006	0.0800	0.8899	2.4017	0.7834
0.2089	-1.3207	1.8250	1.5632	1.5337
1.6560	1.1889	-0.3294	-1.4331	-1.0011
-0.0954	-1.0068	3.5374	5.4670	3.1326
-1.4876	1.0161	-3.2607	-5.1836	-4.3504
1.2377	-0.5597	1.5919	4.3175	4.1266
-0.1830	0.2791	0.8801	0.4391	0.7429
0.9964	-2.4197	2.7187	4.7874	4.0626
-0.8151	3.0407	-0.9050	-2.9323	-1.5523
3.4092	-0.4974	2.4231	2.9109	1.9338
0.6179	0.8431	0.0151	-0.7745	1.3154
-0.7116	-0.2859	-0.3605	-0.3941	-3.0579
1.0656	0.4854	-0.4478	0.9735	-0.0353
1.0359	1.9900	0.1886	-0.6155	0.7227
-1.5300	1.4534	-3.2249	-2.8704	0.5194
-3.0571	-0.9639	-1.7241	-1.8934	-2.7261
-0.9376	1.2409	-0.4360	2.0322	1.1259
1.9937	0.9853	1.5197	2.9335	2.2003
0.5283	-0.0438	0.3607	-0.9213	-1.1622
-2.3652	-0.0384	-1.5468	-4.1424	-3.3320
-1.2778	0.1795	-1.0338	-0.7884	-1.4393
-1.7588	0.3088	-1.3114	-2.7424	-2.4913
1.1899	-0.9478	0.3988	0.0429	-1.2470
-0.8386	1.6083	-1.0451	-1.6574	0.1342
1.7216	-0.2819	1.4190	3.1324	4.8319
0.2115	2.2005	-2.4476	-3.8550	-2.6732
0.8036	-2.0565	2.5171	4.0655	1.5829
0.4829	-1.7143	2.1081	3.3499	2.3002
-2.1716	-0.0092	-1.9492	-3.6081	-4.2694
-1.6936	1.0220	-1.9606	-2.8552	-0.5205
-0.3650	0.6215	-0.5980	0.5875	-2.8074
1.3315	2.8462	-0.3662	0.4343	0.5527
2.6297	-0.2096	1.4560	2.5824	-0.7412
-1.1158	1.4315	-1.0108	-0.9040	-1.9768
-1.2096	-0.6269	1.0923	1.0532	1.3258
1.0063	2.4316	-1.2592	0.1128	0.4291
1.0175	-0.1376	-0.8402	-0.1652	-0.5638
-2.7180	1.2423	-1.3434	-1.6454	-0.9460
0.3613	-1.0769	-0.2412	-0.2401	-0.4599
-0.2212	2.0104	-2.9227	-5.4224	-2.5920
2.4920	1.0295	2.4524	5.6567	4.8596
0.1601	1.9070	-0.3039	-0.7807	-1.5083
0.1257	0.6090	-1.6701	-1.9209	-2.3234
0.3005	1.8098	-1.0215	-2.9097	-1.9791
0.5070	0.8406	-0.2826	-2.1703	-0.2551
-1.5051	1.0360	-1.7903	-1.9222	-2.9215
-2.0087	3.4238	-3.8028	-7.9633	-4.6379
-0.8955	-0.6168	-1.8175	-1.4429	0.2188
-0.4906	0.7526	-2.1546	-2.3865	-1.3587
-0.1161	1.7437	-3.1678	-5.5058	-2.9438
1.3712	-4.5974	4.5037	7.3597	5.5552
0.6383	0.2364	0.1313	0.6999	-0.3485
-0.9626	0.5255	-2.4365	-2.5813	-3.0809
-2.1559	1.2567	-3.3167	-4.7679	-2.2504
0.0748	-0.2814	0.3371	-0.1297	0.5479
-0.8404	0.9113	-2.4398	-2.5391	-2.3710
-1.4901	1.6294	-3.2521	-4.3809	-3.7862
-0.1992	-1.8580	1.0415	1.3829	-1.1511
0.1135	0.1193	-1.7024	-4.2647	-1.9975
0.1535	-0.6409	-0.6803	-1.7478	-2.5702
2.6676	0.1593	2.7878	4.0181	3.1747
-1.8177	0.6085	-2.1431	-4.1183	-3.6069
-2.3072	1.0450	-2.4381	-5.0851	-3.7070
-1.8031	-0.5078	-2.2886	-3.0037	-2.1761
-0.8779	1.8227	-1.4052	-0.0097	-1.5295
0.1843	3.3933	-3.5295	-5.9904	-4.7877
-1.2191	-0.3610	-0.8551	-1.3670	1.2749
1.3667	0.9117	-1.6096	-2.1433	0.3082
-0.7856	0.3497	0.0434	-0.4533	-0.2667
3.0519	2.7238	-0.6734	0.2685	-1.1324
0.5652	2.7817	-0.1399	-0.3472	-0.0680
0.7951	-1.8109	2.7230	3.8484	2.4986
0.9078	1.8696	0.2015	0.8147	1.0660
5.3410	-1.1370	5.8365	10.8541	8.4433
2.1008	0.7894	0.3329	0.4302	0.1545
-1.1989	-2.1469	-0.1362	1.6041	4.1287
0.2522	2.8623	-0.7416	-0.4220	-0.8083
1.2629	0.0378	1.0143	1.8408	0.1282
4.3572	-0.3804	1.8874	1.0844	1.0071
-2.2004	0.7533	-1.5200	-2.9465	-1.3014
0.6981	1.6320	-0.5837	-1.1896	-0.5413
-0.0215	-1.9116	2.0722	3.4081	1.6009
-2.1038	2.2747	-2.5326	-1.9188	-1.7093
1.2965	-1.2912	0.6955	0.2926	-0.7944
-0.5067	0.4586	-0.9887	1.0106	0.6200
-1.3219	0.8183	-3.1523	-5.2928	-1.7749
-0.4050	-1.8773	-0.1641	-0.3733	-0.2235
0.4370	-0.9696	0.5732	1.8923	1.3284
-1.3540	3.1089	-3.4116	-5.7283	-4.5894
-1.9847	1.6167	-1.0006	-1.7718	-0.6811
0.4557	-0.5380	-0.0004	1.0614	1.1945
-0.6198	1.9418	-2.5611	-5.0216	-1.1747
-1.9305	1.5009	-1.9890	-2.7746	-1.9335
-0.6449	1.9035	-2.9883	-5.2272	-4.6668
-2.2450	3.2379	-5.5277	-7.6082	-5.8544
-1.6554	-0.9362	-0.7783	-0.3671	-1.6711
0.5127	0.2692	-0.9635	-2.2871	-2.9760
1.4758	1.0659	0.5535	0.6824	0.5384
-0.4986	-4.1353	2.8250	5.5523	6.3467
1.6236	0.7086	0.9265	1.3048	1.2214
0.9544	0.4985	-0.9973	0.0178	1.0915
-0.0033	3.6149	-0.8944	-0.3976	-1.8773
0.8239	-0.5867	0.4241	-0.2614	0.3818
-1.8281	-0.1234	-0.8565	-0.0984	-1.0427
1.7304	-2.4635	2.5874	4.0246	4.3226
-0.5296	-0.4087	1.5292	3.5988	3.4598
-2.0501	1.5785	-2.9416	-6.2176	-4.2797
1.8530	-0.0845	2.5304	3.1673	2.8534
-2.1892	0.2442	-2.2645	-2.1341	-0.2427
0.0432	2.7168	-2.9574	-3.3172	-2.5533
-0.0644	-3.1875	3.0997	5.4880	2.6018
-0.3898	0.8478	-1.3456	-3.5220	-0.1233
0.7178	3.8742	-1.6903	1.0863	0.9707
-0.1758	-0.1902	0.5343	-0.5769	-1.2128
0.2946	1.2040	-0.4466	-0.0590	-3.0820
-2.0336	-0.0174	-2.4738	-4.6686	-3.0020
1.3842	0.7521	-0.2062	-1.5015	-0.1798
-1.2016	-2.9762	3.0206	3.6522	3.4830
1.4259	1.3691	-0.0703	-0.0533	0.5443
0.2318	1.2530	-3.3817	-4.2368	-1.5803
0.1796	2.6145	-2.7163	-3.8431	-2.5332
-2.9125	0.8262	-1.2533	-2.6952	-2.8594
1.5900	-0.7646	0.4908	0.6912	0.4596
-2.2267	2.6670	-3.3524	-4.8380	-3.4737
-1.2752	3.2886	-3.7814	-5.2247	-1.9647
-3.3032	-0.6794	-0.3093	-0.7596	0.7749
0.6994	-0.3332	0.8626	-0.1237	-0.3601
-1.1705	-0.3764	-1.3852	-3.1891	-1.8356
1.4676	-1.2256	0.6107	0.6438	0.4883
0.9828	-0.6470	-0.4080	-0.9804	-1.8820
1.8385	-0.7731	3.3902	4.6502	0.5291
0.6138	0.4577	-2.4597	-5.1405	-2.6679
-0.6251	2.0951	-1.2745	-1.3700	-2.4527
-1.3885	1.6585	-0.1267	-0.5465	-1.6510
-0.7338	-0.4041	-2.2005	-3.1402	-1.7624
-3.7457	-0.6002	-2.3613	-2.0883	-0.8358
-0.1782	-1.5042	1.0102	0.8669	0.2494
-0.6375	0.4679	-0.8426	-1.2234	-2.4239
-0.4839	2.5393	-1.9521	-2.3798	-0.3749
1.4218	0.6018	0.1448	-0.4665	1.5541
-2.0018	-1.8067	-1.8811	-0.6650	-0.9229
0.0162	-0.5395	2.5239	3.6676	1.6803
-1.4653	1.4853	-1.6464	-1.8864	-0.6769
1.7191	0.9187	1.4139	2.8895	5.4804
-1.5360	-2.6947	2.2026	0.0090	-0.4988
0.7190	-1.1195	1.9768	3.0626	1.6368
0.7144	-2.0512	3.9866	6.4191	1.7193
-0.6583	-0.2983	0.5121	1.1756	2.0250
-2.5841	-1.2341	-1.6542	-3.7801	-2.8697
-0.2006	1.5357	0.3970	1.9968	1.3671
-1.5375	-0.0355	-1.9788	-4.3857	-1.5859
-1.9335	-1.8001	0.7922	1.2831	0.8310
-0.8771	0.1846	-2.1511	-4.1889	-3.7237
0.6455	0.1343	1.0143	0.4869	-0.0201
3.5238	-0.4660	3.2864	5.3750	5.1202
-0.9130	-2.1204	0.5292	-0.1990	2.3117
-0.0725	-0.1295	-1.0814	-3.0479	-1.8963
1.3768	0.7681	0.8267	0.4696	-0.1114
0.1529	0.1127	1.3587	1.9166	0.7520
-0.9605	1.1119	-3.1207	-4.2235	-1.5443
0.4570	1.6393	0.0628	0.7807	0.0651
0.9722	-1.8777	3.6965	5.0647	3.6495
-3.5150	-1.2765	-1.7672	-1.2009	-1.1752
-1.6431	-1.3753	0.3443	1.5459	0.4490
0.6481	0.1994	0.3151	-1.5380	-0.4263
1.3111	-4.3008	5.0272	7.2068	4.2354
-0.0586	0.7014	-0.3478	0.1254	0.5152
-2.1675	-0.3795	-0.5879	1.2622	1.7533
-0.9214	1.8766	-1.7657	-3.7217	-2.5733
2.6727	-1.6441	3.6282	4.9648	1.2484
0.4477	1.4191	0.9006	2.0099	1.1858
1.7204	-2.5648	3.3676	5.7227	5.5427
0.5598	-0.0990	0.8294	-0.0009	-1.0750
-0.1259	-1.5579	0.8159	0.9893	1.5574
-1.0642	-1.6846	-2.1513	-2.8682	-4.2359
0.2847	-0.0762	-0.8822	-0.1853	0.5523
0.3342	2.3942	1.9417	3.0134	2.5072
0.3716	2.5091	-0.9272	-2.5501	-3.1642
-0.7450	-2.2996	1.6328	3.2171	3.1050
0.0395	-0.9897	-0.1212	-0.8120	-0.4798
-1.3507	-0.5913	-1.0872	-1.2838	-2.2992
-0.7410	3.4832	-2.4457	-1.8641	-2.1251
-0.3122	0.5284	-0.5054	0.0850	-1.4498
-0.2845	-0.3576	0.9452	1.8986	1.8260
1.6699	2.0893	0.2031	-1.5743	-1.8035
-1.1174	-2.1145	1.7963	1.1038	1.1255
1.5092	1.0947	0.2249	2.1359	1.8892
1.2961	-3.4108	4.0682	5.4711	4.1804
-1.4284	-1.8535	-0.0435	-0.4585	-1.6968
-0.1771	-2.8088	0.0098	0.4636	0.5166
-1.0013	0.4234	2.4975	4.1204	2.0602
2.1446	-1.6547	2.1492	3.4996	0.7563
-1.6784	0.7152	0.0350	-0.6507	1.0465
1.1289	0.1614	-0.4931	-2.0706	-1.8196
0.7984	-0.3891	1.0187	-0.3207	-0.4299
2.6164	1.4307	1.1038	1.2724	0.4809
-0.1973	1.7959	-1.8900	-4.5167	-4.2120
-3.1141	-1.8962	-1.5527	-0.9717	-1.0245
-2.8022	-0.7248	-1.6177	-1.2861	-2.1442
-2.3695	-0.9449	-2.0268	-5.0899	-4.2371
-3.7276	-0.0980	-2.4856	-4.9674	-4.5184
-0.7092	1.5829	-1.7755	-1.3330	0.1173
-0.4775	-1.2317	0.9172	1.4191	-1.7305
1.8109	-0.3089	0.4545	-0.2604	-2.0029
-0.1698	-0.7144	-0.5819	0.1725	-1.6763
-0.7204	1.4168	-2.1228	-2.4783	-0.9996
-1.4739	0.2676	-1.0769	0.1970	1.4526
0.3799	-2.1058	2.1254	3.9340	4.6502
1.7740	0.5126	1.3405	3.8621	3.8944
0.6067	1.2533	-1.1005	-2.4331	-2.7469
-1.2457	-2.7635	1.1841	0.6125	0.0191
-1.7152	-5.3272	3.8032	8.0247	5.5985
-2.5515	2.4332	-2.8523	-5.0475	-3.7835
0.3618	1.9113	-1.2474	-4.3908	-2.3730
-0.4800	-0.7805	-0.4670	-3.7389	-5.1161
-0.8928	-0.7358	1.1273	1.2052	1.7404
-1.5671	-0.6349	-0.6853	-0.5020	-0.9472
2.0452	0.1274	0.9359	0.9026	1.3571
-2.1727	-0.2724	-2.6952	-5.5656	-2.3990
0.5345	0.3786	0.4767	0.1073	-0.0222
-1.4335	-0.6443	-1.5101	-2.8749	-3.1098
-0.8899	0.3745	0.9870	2.9176	1.7732
-4.5841	-2.3950	-2.7155	-4.3843	-3.9925
3.1287	-1.3942	3.2371	5.2852	3.9828
-0.3245	0.5210	-0.7483	-1.9766	-1.3082
-2.6091	0.8145	-0.3042	-0.1038	3.7220
0.7032	1.8790	-1.5599	-4.0958	-2.1338
0.8141	-1.2092	3.3874	6.7716	7.8484
1.1474	2.0031	-1.7623	-4.3358	-2.6775
-0.9217	-0.7660	1.8636	3.2970	3.0010
-1.2333	0.9458	-0.4109	-0.4907	1.0181
0.7566	1.7611	0.1081	0.7469	0.2116
0.8147	-1.4535	3.2533	4.9556	3.7201
-3.2698	3.0969	-3.5908	-5.2373	-2.8718
-3.9249	-2.9887	-0.3469	-0.3990	-1.8669
-1.2230	-3.4553	1.2105	3.5138	4.4236
-0.9378	1.1690	-2.9987	-4.2141	-0.7818
-0.6471	0.8674	-0.7376	-0.6843	-1.9069
-1.6124	1.5732	-1.8953	-1.6149	-1.5347
0.5151	-0.3036	-1.2101	-1.5614	0.1573
-0.6163	0.2867	-2.0233	-2.2422	-2.0493
1.6192	0.7210	0.7714	2.0304	2.9509
-1.0811	1.8322	-2.1864	-2.0538	-1.7360
0.3601	1.8188	1.4056	3.4375	0.0687
-3.3938	0.1524	-1.6904	-2.2613	-1.1134
-3.0143	1.9101	-1.2850	-0.5927	-2.0167
0.5187	0.7110	-0.2852	-1.3515	-1.2177
-1.2998	-1.9002	2.6205	3.8224	2.6393
-1.9795	-1.1696	-0.0778	-1.6340	-0.7782
2.6282	0.0428	3.1538	5.9033	5.3525
-1.6384	-1.6780	0.7051	1.7695	3.4779
-1.1913	4.0816	-5.2570	-5.9879	-2.3248
0.3513	1.8245	-1.8211	-4.0207	-2.6252
-1.4443	0.5849	0.8793	0.9204	0.3327
-0.9675	-1.4377	1.4522	3.1750	1.8900
0.0265	0.8735	-1.6375	-2.0980	-1.8087
-1.2505	1.1731	-1.7007	-3.8673	-1.2800
-0.0365	-0.4791	-0.4962	-0.1623	-1.4233
1.0820	1.2150	0.2237	0.6502	1.5929
-1.6484	-1.2042	-2.7574	-1.8728	-1.0997
-0.2227	-0.5347	-0.6616	-0.6630	-1.0963
-2.9253	2.2882	-1.5703	-1.4809	0.9293
-0.0527	1.4429	-0.3166	-0.2328	0.2880
0.2538	3.0513	0.0880	-0.8009	0.3240
-2.6030	2.3431	-3.5747	-6.5782	-3.3685
0.6211	-0.5658	0.9232	-0.0134	-0.7464
-1.2330	0.9939	-0.4108	-0.9001	-0.5907
-0.2177	2.0045	-0.9126	-1.7783	-0.1859
-2.2821	0.5006	-1.5454	-1.7784	-0.9942
3.4241	1.0584	2.4519	3.2952	3.7105
2.5848	-1.3710	2.0142	2.4935	2.9221
-2.6490	-1.0434	-0.6146	-0.1221	0.3986
-0.5783	-2.2503	0.6500	2.2891	1.0064
-1.0888	0.4152	0.4053	0.7420	1.9825
3.1715	-0.0397	2.6676	4.0164	3.2286
1.6916	0.8072	0.7644	2.3278	1.4621
-0.2582	-1.2603	0.7182	2.1972	0.9322
0.9130	-0.1331	0.2748	-1.2392	0.5777
2.1113	-0.6249	1.0333	-0.3950	-1.1703
0.1635	-1.9713	3.3546	4.5109	4.1639
-2.2676	-1.5325	-2.0127	-2.6197	-3.0217
-0.0721	-0.3955	0.4127	-1.5231	-0.8739
-0.0370	0.9735	-2.0825	-3.1087	-2.8139
-1.0005	2.3428	-2.6377	-5.0884	-1.4913
2.3586	-0.2507	2.3682	4.6476	2.2396
1.3941	1.5161	-1.7872	-3.6025	-1.4084
-1.9222	1.8246	-2.9944	-5.4827	-1.5685
1.6523	-0.2798	1.6863	1.0371	2.7235
-1.8005	-1.7086	0.2195	-0.5198	0.0423
2.4962	-2.3657	2.8331	4.6627	3.9494
-0.4060	0.7596	-0.1056	0.4726	-0.8404
-2.3341	1.8102	-2.9843	-3.5721	-1.4799
-0.8802	0.8565	-1.6244	-1.7758	0.5048
-1.6358	-2.0906	2.0644	3.5337	2.4763
-2.4070	1.1993	-4.4880	-6.7819	-4.0665
-0.3281	-0.0771	-2.6765	-3.4470	-0.2164
3.2492	0.8511	1.2889	2.3553	1.3039
-2.5512	-2.2359	0.1030	-0.4919	-0.5768
-1.2173	-0.9958	-0.8964	-1.6605	-1.7336
-2.1968	-0.8008	-1.6339	-3.1875	-1.6031
0.4888	1.8951	0.0768	-1.2184	-2.1856
1.1501	0.4827	0.8945	0.3354	0.8384
-0.7183	2.1897	-2.0522	-3.3804	-3.7337
-0.0098	3.3027	-3.2247	-6.1569	-3.0695
2.6740	-0.0441	2.8223	2.1867	1.1626
-1.5526	-4.3232	1.1999	1.9662	1.2072
0.8207	-3.3543	2.8333	3.5651	4.2229
0.2735	2.3370	-0.8386	-0.2856	-0.4947
-0.0346	1.0105	0.1870	1.6253	-0.2118
-0.9831	-0.1922	0.3594	2.1664	2.1164
-2.5035	-0.7407	-1.0795	-1.5053	-1.2871
-1.0156	1.5598	-1.5609	-3.6712	-3.3705
1.8837	1.7597	0.3862	0.4065	0.9706
-2.3503	-3.7126	1.6618	2.2424	2.9457
-1.5438	-0.2606	-0.1496	0.4370	1.5053
0.2427	1.1638	2.7458	4.1688	2.5908
1.5843	0.5691	0.3257	1.4017	-1.8579
0.3100	-0.0702	0.0528	1.0131	2.6465
-2.4056	1.5525	-4.9398	-8.6268	-3.4591
0.2716	0.0385	-0.9425	-1.2042	-3.2741
-0.3178	0.9933	-0.4887	-1.7475	-3.8357
1.8590	1.3984	-1.1402	-0.9783	-2.7850
-2.1334	-1.7790	2.8406	2.5318	1.8105
-1.8718	1.1704	-2.2358	-3.8704	-2.1848
1.9893	-0.7084	3.6178	5.9228	3.2023
3.0919	1.0930	2.2573	3.6526	2.8335
-0.2619	-0.3631	1.8704	2.0453	0.7388
0.2318	-0.5004	0.8999	3.0883	2.2739
1.4850	2.2195	-2.9522	-6.1649	-1.2343
-0.7249	1.5114	-2.2430	-5.2034	-3.8964
-0.6018	0.6077	-1.8601	-3.5282	-2.6841
1.0901	-0.9640	1.5487	1.3032	0.8538
-1.1206	2.9610	-2.0794	-3.3871	-3.7318
-1.3206	1.9347	-1.9282	-4.1665	-2.1486
0.2588	-0.5421	-1.4297	-2.1317	-2.0946
1.7450	-2.1687	2.6525	4.0769	1.8934
1.4486	-2.4143	2.8548	3.3961	2.4091
1.3851	1.8338	-0.5732	-0.6618	-0.3875
-0.9455	-0.9797	0.7924	0.9555	-0.9601
-0.1800	-0.8635	0.8564	0.1858	-2.1419
1.9849	0.8576	0.9172	1.9592	0.9822
0.0868	0.1153	-1.0643	-0.8091	-0.6034
1.2771	0.6757	1.8103	2.8210	3.3495
-0.8272	1.4813	-1.9889	-1.4823	-0.9469
0.4394	1.2796	-0.0987	-1.2860	-1.3227
-1.0490	1.6931	-2.4944	-4.2389	-2.9299
0.3575	0.3133	0.2604	2.1880	0.7850
-2.1847	-0.4453	0.8238	2.7596	1.6452
0.3002	2.4415	-2.4394	-2.6318	0.3725
-1.0998	-2.1872	0.4882	0.2699	-0.7254
-2.7077	1.9651	-3.7393	-6.5482	-3.8173
3.0871	-1.4624	2.8180	2.9148	0.9786
-0.7289	-2.8161	2.8508	3.7354	2.3832
1.6913	2.0936	-0.9157	-2.0138	-0.0138
-1.0362	-0.4249	2.9908	3.2002	1.7210
-2.6995	0.9013	-3.3117	-4.2737	-2.6114
1.0047	-2.0520	2.6635	4.6954	4.0263
2.8408	3.1571	-0.2869	-1.4563	-0.0235
-2.5912	-0.3105	-3.3171	-4.5402	-3.7726
0.5108	-1.8134	1.6552	3.1802	2.9735
-0.7198	0.6097	-1.5671	-1.9779	-1.8943
-0.6747	-2.5654	-0.0676	0.0309	1.4410
-0.6189	1.3325	-2.0365	-2.3984	-2.0494
-1.6030	-2.5199	0.6864	-0.4194	0.0448
0.0988	2.7841	-0.1557	-0.3652	0.0403
3.4488	-0.7682	1.7235	2.6809	2.6299
2.2641	0.1901	3.2019	3.0572	3.2959
1.1980	-0.2817	0.1936	-0.5102	-0.1524
0.0340	1.1965	-0.7691	-0.2256	-0.0921
0.4613	-0.3995	-0.1669	1.3099	1.0112
-3.0056	1.9268	-2.5450	-4.7471	-1.9759
0.8553	0.4911	0.4865	1.9404	1.9927
2.1405	0.5375	0.3966	1.9281	0.7687
-1.8072	-1.6091	-0.0941	-0.8654	1.6625
-0.7939	1.6041	-3.7656	-4.4939	-3.2988
0.7332	-0.4327	0.4557	1.2414	2.9693
-0.2688	0.8155	-0.7751	-0.6649	-1.0620
1.8969	-1.1190	1.9920	2.4151	1.2587
0.9192	2.5624	-0.8606	-2.5843	-0.6126
0.0207	-0.7342	0.1767	-0.7115	1.5411
0.1290	0.0706	0.8262	-0.5187	2.3214
3.3916	1.3062	2.6959	1.6565	1.5254
2.8686	1.7040	0.9833	1.2197	1.2605
0.1573	3.7368	-2.5596	-4.4080	-2.2717
2.5546	1.6152	-0.9112	-2.2264	-3.0214
0.2559	1.3919	-0.7837	-1.1162	-0.0380
-1.6741	-2.3483	0.1052	0.2470	-3.2292
-0.6169	1.1358	-0.9797	-1.1576	1.2787
-0.7388	0.1746	-1.7226	-4.3212	-4.6478
-0.8913	-2.0425	-0.1128	-1.8750	-2.4240
2.5929	-0.7362	-0.6157	-1.0443	0.0563
-0.3553	-1.8308	-0.3658	-0.0907	-1.2082
2.0554	-1.7094	2.2315	5.3737	4.1102
0.9156	-0.3827	0.6904	-0.6455	-0.9066
-1.5219	0.7033	-1.3424	-1.8484	-1.6159
-1.1053	1.5895	-2.9219	-3.0551	-3.9256
2.8342	0.5561	1.7132	2.6668	-0.3331
-2.3472	1.2959	-1.2007	-3.7783	-4.4303
-2.7153	-2.5130	0.1879	0.3290	1.8061
1.6947	0.3713	2.6169	2.9416	0.6500
-2.1067	-0.3419	-0.7405	-0.1450	1.0116
-0.0498	-0.3243	-1.7084	-0.5258	-1.8183
-0.7356	-1.4606	-0.1307	0.4851	1.5927
-1.1077	-0.3413	-0.8998	-1.1918	-0.3320
2.2104	0.3848	1.1755	1.2630	-1.0930
-2.2524	-2.9069	0.8325	1.0319	-0.6973
-3.7238	0.8727	-1.2341	-3.0450	-3.1453
0.8877	1.3953	-0.4144	-0.7403	0.6012
-1.3324	-1.9867	-1.2852	-3.4483	-3.6808
2.5564	-0.4964	1.2568	1.3341	1.2912
-0.6686	0.0992	0.7582	-0.1062	-0.9835
-1.4711	0.4927	-0.9573	-4.4142	-3.5284
0.7508	-0.2687	1.2627	1.4537	1.4683
-0.7657	-2.5111	2.8492	2.7811	0.8187
2.2448	-1.6945	2.7547	5.6067	3.6982
-2.9419	2.3102	-1.6380	-0.6543	-1.5773
1.6464	-0.5516	2.5793	1.8299	0.1901
0.6394	-0.7503	1.4999	2.2600	2.3442
0.2432	-2.3895	1.3528	2.2105	2.1149
0.2590	0.4318	0.3630	1.8761	1.4020
1.1132	0.9485	0.4923	0.9978	2.8936
-1.4577	-2.5565	2.5878	2.2102	2.2105
1.2139	1.2423	-0.9579	-1.0147	-1.0893
0.0328	-0.1057	0.6364	0.9329	-1.6201
1.4238	-0.0029	-0.3175	1.8216	-0.1874
2.0984	0.4390	2.2457	3.4720	2.0640
-4.2068	0.0388	-1.9623	-1.0668	1.3887
-3.5927	1.5406	-2.7935	-2.7379	-0.7599
1.7627	0.1902	1.3107	1.6281	2.3694
3.1336	-1.5625	4.5895	8.2247	4.7691
-0.3990	0.6225	1.4550	1.9945	3.6558
-3.1985	0.1639	-4.0851	-6.2174	-3.9216
-0.8300	1.2261	-1.8683	-3.6736	-4.0736
1.5116	-3.7436	5.0549	5.9725	3.0836
0.6092	0.1848	0.9041	2.5270	1.9574
-0.6005	-0.1162	-1.4966	-2.4264	-1.3205
-1.5614	2.2024	-3.2293	-4.1168	-1.3375
0.8142	-1.1087	1.9706	4.6534	1.6052
-0.3522	-0.1479	0.2869	-1.5691	-1.7400
1.0145	2.5178	-1.8187	-2.0575	-0.6522
0.8764	2.0602	-0.0412	0.1691	1.8902
-1.8221	0.7820	-1.5515	-3.2843	-2.5146
0.5191	-0.0554	-0.7071	-4.0447	-2.5071
3.3016	-3.6055	4.1991	6.1803	4.8889
-0.0650	-2.1771	0.7950	-0.8063	0.3172
-1.3056	0.8706	-2.4275	-3.9754	-2.4793
4.2523	-0.4613	4.1131	5.0671	2.7135
2.1067	3.4790	-3.4367	-5.5785	-2.0464
-1.3738	0.3176	-2.7573	-3.0627	-2.3489
1.9454	-1.0172	2.1196	2.3350	-0.0924
-0.5871	0.2905	-0.1753	-0.5626	0.6930
-0.4000	0.4776	0.3470	-1.3392	1.9107
5.8980	-2.0079	6.5410	9.6198	3.8634
-0.3322	2.8741	-1.6872	-3.6659	-3.3658
-0.6684	-0.8212	-0.3828	-0.0554	-0.1073
0.5182	-2.9139	0.3817	-1.2704	2.4566
-2.4175	-1.7490	-0.5000	-1.2244	-0.5735
1.6959	1.2941	1.4855	0.8541	2.6389
3.0577	-0.9040	3.6504	6.1716	4.0874
1.4722	-2.4948	1.9179	3.7425	3.0279
-1.4902	-2.8794	2.2799	4.7612	3.9444
-2.0402	0.6400	-3.6387	-5.4357	-2.3496
-3.2207	-2.2107	-2.0806	-4.3766	-1.2611
-0.0021	1.7002	-0.8701	-0.3959	0.7724
1.8134	0.4873	1.9586	2.1057	1.7924
-1.3718	3.5760	-3.7755	-5.8841	-5.5200
-0.5471	-1.3169	0.1534	0.4375	-0.7259
0.5218	2.7157	-0.0976	-1.1655	-1.2188
1.7731	-0.3122	3.6823	3.9842	1.7243
-1.0759	-0.8332	1.4148	3.8423	2.1542
-1.4197	-3.9699	3.0289	3.6062	2.5323
5.4512	-1.6420	6.0352	8.5453	4.4534
-2.0081	-0.0711	-0.7200	1.5187	1.9322
-1.9474	0.3592	-2.9684	-5.5903	-2.9972
3.5105	0.0882	1.9695	4.5518	0.0960
-0.2409	-0.2453	0.2555	-0.2862	0.2286
-1.5252	0.7635	-0.0716	1.5792	3.2488
-2.0921	-0.5666	1.7997	3.7423	3.3445
-0.5273	-1.0716	-0.6066	-0.1656	-0.4026
-1.1989	1.1122	-3.2463	-4.3505	-2.9653
-0.6603	-0.4660	0.5958	-1.0870	-0.6806
-1.8152	0.1144	2.1041	1.5803	-0.1216
-0.7469	1.8263	-1.4152	-2.6181	-3.6743
-0.4310	-0.7534	-0.3261	-0.9828	1.7715
-0.3626	2.9047	-3.9663	-6.0451	-2.5795
-1.6232	1.4351	-3.5172	-6.1240	-2.7083
2.9909	2.5814	-0.8215	-1.7079	-0.8772
-2.7482	-1.2694	-0.6782	-0.1584	-0.9199
0.2359	-0.7781	1.0982	2.8245	2.5849
-0.5543	0.5812	-0.5361	-1.6517	-0.6052
0.6070	-2.8888	2.8796	5.5605	1.2830
0.0667	-0.1507	-1.5190	-1.2778	-3.2013
1.9676	-0.8941	2.6967	4.0386	3.8529
1.3686	-2.1018	2.7381	4.4810	3.4543
-0.1519	1.9222	-1.6347	-2.4214	-1.3613
-1.7094	-1.6455	0.4759	1.1345	1.4009
-1.7453	0.2311	-1.9648	-3.4167	-2.5081
2.4670	-0.5500	2.6515	3.9792	1.6340
-0.8113	-0.4623	2.4231	3.6248	2.7070
-0.4257	-1.0287	3.0437	5.1893	3.3615
-1.8630	-3.0858	-1.5661	-1.7373	-1.9852
0.1092	3.3845	-1.3845	-3.3919	-3.6457
1.3623	-1.1358	2.5854	5.3418	4.5914
0.6438	-1.5360	3.0088	4.1885	2.1430
-0.0559	-0.2823	-0.0501	0.1238	4.0369
-3.1850	0.6907	-1.6235	-3.0898	-3.3815
-0.7876	0.5879	-2.2405	-3.2817	-1.8857
-1.8480	-0.2363	-2.6659	-4.2437	-2.1747
-0.1951	-1.2087	0.3504	-0.1053	-0.2132
-0.0661	-0.9345	1.4232	0.7144	1.0165
-0.6493	-1.0148	0.7218	-0.4911	-0.5198
1.5000	0.3600	1.0282	2.2634	1.5801
-1.2866	-2.0837	1.4539	3.1089	2.4674
-3.5626	0.9751	-1.7003	-3.1613	-1.0619
-0.5770	-0.2453	0.3477	-0.3060	-0.6552
-1.8294	-3.5516	1.5183	3.3624	0.3288
-0.0562	4.2047	-2.5958	-4.6875	-4.3282
-3.5550	0.7497	-3.1491	-3.8828	-2.2171
1.1792	-0.2665	1.3068	2.3582	2.9348
1.8416	-4.4335	4.6773	7.9738	4.4693
0.0606	-0.0204	1.0484	0.7188	0.1560
-0.5987	-2.1958	3.0059	3.0167	2.2345
-0.3993	1.3126	-1.3412	-1.7299	-1.0300
2.2437	0.7622	1.6513	0.7330	-1.7296
2.6054	-1.0629	3.2447	5.6814	4.6470
1.0237	2.0790	-1.7111	-3.1536	-0.4647
-1.8576	0.0977	-1.3322	-3.3195	-0.6379
0.8498	0.6911	1.6034	1.4528	-0.3895
-0.2685	0.9011	-0.4517	-2.2676	-0.0066
-0.1197	-3.3579	2.1333	4.5330	1.7578
2.5590	0.6339	1.1285	0.6234	0.3300
0.7496	-0.2776	1.1602	3.1405	0.7709
-2.0229	1.4762	-2.8336	-4.8814	-2.6285
-0.6164	1.4277	-2.4626	-3.0984	-2.8462
3.3699	-2.9268	2.5795	2.8229	1.3234
0.9628	2.0760	-1.0339	-0.7982	-0.4067
0.5749	-0.9944	0.2800	-0.9427	-0.3757
2.6064	-3.2960	5.1403	7.5866	6.5265
-1.8004	0.3533	-0.2373	0.3990	0.0086
5.3925	-2.4569	3.7149	6.7053	4.0599
0.0059	-0.2612	1.9957	3.8979	4.0986
0.7808	-0.6759	0.4443	1.0695	0.5797
-1.4371	-2.9384	0.7549	0.2343	-0.5313
-0.3886	0.4742	0.4593	2.0642	3.9778
-1.4017	-0.9977	1.2580	2.6659	1.0536
0.9239	0.8411	-0.9532	-2.2763	-1.4147
-0.3214	-3.4818	-0.7850	-1.4431	-1.9998
-1.1303	0.2767	0.1145	-0.7304	-3.2215
0.5212	1.1861	-0.8709	0.4927	0.6563
-1.9682	-0.1573	-1.8124	-3.5678	-2.1280
1.0208	0.9493	0.2893	0.3367	-0.7022
0.7522	1.7621	-2.0375	-4.2451	-1.6017
0.8745	-1.5265	0.7092	1.5278	0.6740
1.4514	0.8753	0.2916	0.2375	-1.4204
0.2412	-1.1599	1.0680	0.2012	0.3084
-1.5704	0.7584	-2.5637	-4.4961	-4.0052
0.8068	-0.3997	-0.2259	-0.8008	-1.1835
2.8316	0.4357	1.5017	1.5562	1.2737
2.2398	1.7790	-0.0491	1.5352	-0.6018
0.1318	-2.4610	-0.3917	0.6665	0.1751
2.6987	-1.5944	3.3168	4.3345	4.3138
-1.4004	0.1047	1.2979	2.2204	1.0459
-0.3228	1.2769	0.5504	1.9173	-0.1065
0.9067	-1.8262	1.4029	1.9470	4.2681
1.2418	1.7583	-0.3832	-1.4380	-0.2288
2.5046	0.6982	2.2136	3.2983	1.2265
1.5878	-1.1647	1.6644	2.0443	2.8817
0.5461	-0.1747	1.2678	2.4039	3.0584
4.3396	-1.3783	4.3411	2.9865	-0.1467
0.8307	0.6736	-0.7328	-0.6502	0.8270
-2.8573	1.4935	-2.7510	-3.8259	-3.9948
-1.0406	0.9780	-0.5844	-0.8534	-0.9451
0.7787	0.2270	-0.0411	0.1708	1.7192
0.1082	2.7269	0.2964	0.0409	0.8479
-1.1226	-0.0759	-0.2068	-2.1992	-2.2016
2.8432	-1.2492	2.8545	5.1575	1.7965
-0.1706	-0.2933	0.4490	-0.7160	-1.6078
1.7615	-0.0709	0.7438	-0.7580	-1.3048
-2.8428	-1.0427	-1.8521	-1.7143	-1.4367
-3.2989	-0.2532	-0.8764	-2.3437	-1.7782
3.2951	1.0897	1.0652	-0.2275	-0.3183
-2.7483	-2.3021	0.0576	-0.0262	1.2774
1.8160	-3.0851	2.1673	3.5623	2.1708
-1.3524	1.1376	-1.4457	-1.7711	-0.2074
0.7808	-1.6089	2.5475	5.3185	2.5846
1.8658	-0.8522	0.1568	-0.6831	-0.1465
0.7560	-0.9350	1.8302	2.2551	0.5403
-0.8146	-1.1570	0.5331	1.5167	-0.2666
-1.1425	-0.4242	-0.3434	0.2671	-1.4967
-1.4100	0.1066	-0.0762	-0.9906	0.4560
0.6626	-1.9227	0.9096	1.9130	0.4137
0.7623	-0.1618	0.5752	0.4960	0.3795
-2.1005	-0.9257	-1.2022	-2.9775	-0.8247
0.3206	-2.6702	1.4483	2.4188	1.5320
-0.9516	2.3261	-1.2215	-0.1449	-0.6425
0.8293	0.1992	0.3537	-0.1676	1.1344
0.4152	-1.4019	2.2983	2.5415	-1.6399
0.5416	1.7814	-2.6470	-5.1482	-6.7065
-0.2140	0.3046	-1.0017	-0.6498	0.3401
1.4133	-2.0952	2.7059	1.6091	1.7156
-0.1323	-0.2992	1.4625	3.4481	2.4966
1.8272	-0.8055	3.8552	5.8639	5.8342
2.3713	0.7589	0.5787	0.7812	-1.0408
1.2741	0.3277	0.1261	-0.8752	0.0420
-1.1121	1.3459	-1.3486	-1.2644	-0.5136
0.4623	-1.3987	1.8965	2.7891	2.0229
2.3144	-0.4987	3.6423	5.0835	3.1561
0.6620	-0.5937	1.0439	1.9635	-0.9128
-1.3799	-1.3605	-0.4145	0.4024	0.1247
-0.5520	-0.2404	-3.0843	-5.1379	-3.2308
-0.6307	2.0746	0.5139	0.0360	-0.4542
1.5248	-1.9986	2.6099	4.5286	2.5941
-0.4669	2.3420	-1.2374	-2.0386	-2.3556
-1.9207	1.8527	-3.4693	-4.8130	-5.7719
0.3220	-0.9146	1.2827	3.3352	1.2744
-1.8539	1.1951	-3.8577	-5.4422	-3.1775
0.9062	-0.4324	1.8384	3.7956	2.1143
-2.4686	-0.7869	-2.1087	-2.9807	-2.9303
0.7719	2.3977	-1.3402	-1.3038	-1.4166
-3.6985	1.3030	-2.9474	-4.9861	-1.7355
0.8454	1.2501	1.0938	2.2040	2.4218
-0.2256	-1.2804	-0.2141	0.8154	-0.7018
-1.1735	0.4955	-1.6842	-3.6525	-2.1313
0.8172	-3.5806	2.8941	6.1655	4.3692
1.8760	0.4309	1.0251	1.1425	2.0755
-1.8284	-0.6274	0.4621	1.1710	0.0698
-0.1722	-0.9304	-0.0929	-0.4424	0.6141
0.0832	2.1389	-1.9597	-2.9052	-2.6518
-1.5814	-0.0512	-0.5224	-1.1569	-0.4193
2.3574	-1.0257	1.9776	3.3114	4.8684
1.2903	-1.5291	1.4662	4.3060	2.2758
2.8124	-1.2731	3.9038	5.9334	3.7693
0.0469	-0.4942	-0.0623	-1.2678	-0.5595
1.9230	0.0591	1.4039	2.7254	1.8538
2.1525	-0.8077	1.1972	1.1407	-1.4265
1.6875	-0.6831	-0.4886	-0.5860	-0.5662
-2.0784	-1.6720	0.7007	0.4705	-1.7560
-1.0452	0.2841	-2.3245	-4.5885	-4.0719
-2.9885	-0.5187	-1.7150	-0.1620	-1.8369
-0.8710	-0.3180	0.0604	-0.5212	-1.1189
-3.0375	-3.2950	0.8750	1.5536	0.5380
-1.7189	4.7914	-3.7661	-6.0572	-3.8239
-1.1914	0.5601	-2.7771	-2.1720	-0.0908
-0.0103	-1.0058	0.9836	2.0016	0.8735
-1.4944	0.0095	-3.4752	-6.0009	-2.8986
0.0007	0.8163	-0.3245	-0.1447	0.9073
1.1990	0.6485	-0.8144	-0.6311	-0.0463
-1.0857	-1.2766	1.7173	2.7291	0.3308
1.1943	-0.8631	1.5179	2.1698	1.9306
1.6680	0.0696	0.7286	1.6523	0.0261
2.1543	1.1385	-1.6388	-0.7906	0.1292
-3.7204	-2.8869	-1.4433	-2.4228	0.4311
-3.9550	-1.8511	0.0875	-0.1029	-1.4233
1.8619	1.3276	-0.1299	0.2180	1.8227
-1.1363	-2.6700	1.0555	3.3001	2.0079
2.0418	1.5663	-0.4450	-2.0220	0.9791
-1.8717	-1.2448	0.0715	0.2823	-0.7557
0.8167	0.7697	-0.0335	0.9374	0.9513
0.4652	-0.1897	1.4493	1.9244	0.4783
-0.0138	-1.2144	0.3422	-0.9411	0.2130
2.1393	-0.8682	2.3208	3.9399	1.0939
-0.9602	-1.9673	2.1733	1.5999	0.2506
-0.0781	-1.1485	1.9739	4.1576	2.6266
-1.3614	1.2627	-0.9837	-2.7990	-0.8536
-0.3445	1.0479	-1.8789	-2.9398	-2.2706
1.9426	-1.5996	4.8478	6.8649	5.7233
2.6337	-2.6958	3.3252	5.2995	2.8691
0.3775	0.4803	-0.4593	-0.9979	-1.3486
-0.4890	1.3639	-0.9828	-1.0569	-3.1835
1.3175	1.0389	-0.6069	-2.1536	-0.3333
0.9908	-0.5705	0.8510	1.6856	-0.8044
-0.1702	1.4705	0.3069	1.4585	1.7051
-0.8125	-0.7215	1.1020	1.8304	0.8509
-1.8649	-1.2895	1.0011	0.5450	1.2485
2.0347	1.1828	-0.5488	-0.8253	-0.7142
0.2593	0.5401	-1.7913	-0.7598	-0.8952
-1.0470	0.7982	0.3104	0.2943	0.4570
-1.3689	-0.1204	-0.2200	-0.1328	-2.0399
1.9247	0.8584	0.3684	-0.0632	-0.7405
1.7180	0.2954	0.1422	1.0955	2.1971
-0.2351	1.8699	-0.3007	-1.6062	-0.4479
-0.2518	0.1424	-2.0846	-1.8640	-1.2918
-0.4638	-1.5262	0.8437	1.4479	1.5583
1.2371	1.2929	-2.5828	-1.7331	0.8610
0.3896	-3.0124	3.9298	6.6397	3.5648
-1.5261	-1.0108	1.8170	3.8109	1.9202
0.6008	0.4636	1.5916	3.0332	4.2746
1.3669	-0.8848	2.6285	5.8180	5.8027
0.0852	-2.0677	0.1941	0.5953	0.0591
1.6095	0.0839	1.3947	1.5481	0.8641
-1.0960	1.5008	-0.7214	-2.1372	-1.9327
1.0468	2.0585	0.0150	-0.1904	0.2759
-3.4263	1.3314	-1.8803	-1.8122	-0.1363
-1.0670	2.9579	-4.7700	-7.4559	-3.3643
1.5520	-0.0378	0.7551	0.4013	-2.1230
1.9870	2.5428	0.0666	1.1765	-1.9878
4.2013	2.2246	1.0748	1.8250	2.1856
-0.2230	0.4987	-1.0901	-2.1737	-3.7097
0.3480	-1.6294	0.7052	2.5526	2.1908
-0.5090	-2.8733	-0.3801	0.4801	0.2440
1.6917	-1.3615	3.7662	6.2141	1.0591
1.2280	-0.3104	1.6906	2.2324	2.0138
-0.5178	0.4237	-0.6785	-2.7036	-2.1179
3.0382	2.8176	-0.6733	-0.0369	0.2768
0.7873	-2.5078	1.5716	1.9114	0.4959
0.9311	0.4581	-0.4467	-3.5882	-0.8394
2.3486	0.4760	1.7396	1.6767	1.3028
-0.9169	-1.3408	0.9290	2.4329	2.0951
0.2985	-0.9779	0.8837	-0.1744	0.1539
-1.1626	-2.4300	-1.6457	-1.5050	-1.6599
-0.4400	-0.9601	-1.9800	-4.8184	-3.2050
-1.9383	-2.2421	-0.3079	1.1906	0.6229
1.7314	-1.8169	0.6181	1.4281	1.4409
-4.5460	0.9846	-3.4362	-6.5737	-3.9940
0.5246	-0.5815	-0.4212	-0.7255	-1.1817
1.8260	0.1915	0.3520	-1.0290	-0.2453
2.2282	0.8400	1.6955	3.7868	2.3441
0.6076	-0.8718	1.5124	1.6621	1.4445
-1.4886	3.3760	-1.7215	-1.8815	-1.4320
-2.6283	-0.9454	-2.4810	-4.6710	-4.3715
-1.3140	-2.0204	0.2605	0.2781	-0.4784
-1.2678	-2.1302	1.1854	1.6707	1.4667
0.7062	-1.5841	1.1327	2.4099	0.9580
3.2339	1.1660	0.1776	0.2838	-1.0382
-1.5553	0.3534	-1.3218	-0.8269	-2.3774
0.4538	-2.6222	2.6222	3.5211	0.6227
2.6561	0.8919	1.5746	2.5882	1.3958
-0.2116	-0.6586	-0.5825	0.3716	0.8952
2.7452	0.2674	1.1605	0.8322	3.8071
1.4476	-1.0274	1.8995	2.9530	-0.1822
2.6134	-0.0685	1.4694	1.4270	0.9392
-1.9912	0.3669	-2.2737	-1.5608	0.4864
-0.0586	0.0399	-0.2001	-1.9036	-2.9936
0.0223	-0.8736	-1.9698	-2.2365	-0.0593
-0.9005	-0.0647	-1.8916	-2.7018	-0.3071
0.5798	-0.2592	-0.9127	-1.4238	-2.8912
0.9726	1.0153	-0.9048	-1.7700	-0.9303
1.2589	-0.1026	1.0725	4.1278	1.7714
-0.5841	1.3618	0.5738	1.3521	1.0687
-2.0525	0.7232	-1.8052	-2.6722	-2.8898
-0.7986	0.5487	-1.3126	-3.4138	-1.9216
-0.1117	-0.7639	1.2934	2.8224	1.5097
-0.0885	-1.9246	0.7212	0.0677	1.5826
1.8852	0.4338	3.6431	7.1547	4.8798
0.8694	-2.2768	3.0387	5.5216	2.6843
-1.6630	0.1656	-1.4522	-3.3435	-2.8823
-1.0321	-3.2347	1.3511	1.4505	-0.2765
1.7805	2.1198	0.8326	-0.4023	-1.5289
3.4066	0.9501	2.2316	2.6537	1.0091
2.4728	0.8203	0.2196	-0.0897	0.5546
-1.4409	0.6060	-0.8548	-1.4893	-0.6917
0.7238	-0.1487	0.7113	-0.5190	-1.6214
3.5638	0.6440	1.3022	2.2344	1.5025
0.4803	-0.4486	-1.3350	-1.3156	-2.1985
-0.0086	0.3899	0.3320	1.3039	1.9277
-0.7050	0.4167	0.3212	0.6240	0.6735
-1.1533	-2.0855	2.9247	4.8064	2.2604
-0.3066	0.3771	-2.0433	-2.1783	-0.6396
1.2368	-1.1819	2.9210	4.0107	3.0030
-3.9528	-3.1891	-1.0184	-1.3654	-2.3007
-0.1290	0.6203	-0.2985	2.8136	1.0727
0.2331	2.3580	-3.9735	-5.2020	-1.1620
-0.2727	-3.2478	2.7568	3.6316	2.4700
