X1	X2	X3
1.7869	0.7324	-1.3530
0.2002	-0.2018	0.9317
1.7231	-2.9502	-1.7968
-1.4848	-2.7838	6.9764
0.4706	-1.9414	1.7225
1.1321	1.0168	-4.0000
1.0335	1.7365	-0.3499
1.3195	-0.2100	-1.0427
0.8520	-1.9769	-1.0067
0.0231	0.7298	-1.7389
0.7401	-0.8008	3.3581
-2.0537	1.6676	4.0060
-0.9154	-1.2341	2.2162
-1.6451	-0.4509	2.0177
0.3636	0.0461	-1.6078
0.2437	-2.5463	0.7920
-0.1690	-3.1754	3.0947
1.5954	0.0517	-4.0841
0.0703	2.4978	-1.1081
0.2150	1.8194	-2.1761
1.1456	-1.0914	-1.4977
-0.2050	-0.4743	0.1768
-0.3693	-1.8408	2.7590
-1.6631	-1.6655	3.3695
0.5112	0.0581	-2.9762
-1.0575	2.7114	0.1417
-0.3196	4.1104	-3.1743
1.5595	0.2065	-3.5248
0.5565	1.5530	-1.5917
-0.1730	1.6696	1.8385
-0.9016	-4.3590	0.8092
-0.0597	1.9776	-3.0717
-2.3203	0.7434	1.3621
-2.0180	-0.6351	0.3855
0.3707	-0.0434	-1.2272
0.1867	1.4426	0.7999
1.9659	-1.1257	-0.8178
0.6937	0.2871	-0.4287
0.1094	-1.9184	-1.7470
-0.6720	0.8403	-0.4589
-2.0260	0.9793	0.2502
0.0112	0.8090	0.3828
-0.5451	-0.9364	0.2744
-0.2377	-1.1349	-0.0804
0.1039	0.7324	-1.1734
2.1091	-0.3180	-2.7315
0.9179	0.6004	-3.7155
-1.2495	0.4416	-1.4304
1.2848	-1.9496	-0.4651
0.8130	-1.0275	1.2244
0.5241	1.0444	-5.1213
0.7677	-2.0094	1.2068
-0.6001	1.4905	0.8852
0.0494	-0.8477	-0.9638
-0.5612	4.1986	0.9903
0.4128	-0.9873	0.2324
-0.4003	-1.9122	1.9089
0.1913	1.7060	-0.6234
-0.8396	0.3556	2.8150
-0.8113	-0.7999	3.7927
0.2494	-1.7425	1.7554
-0.7097	-1.4981	2.6692
1.7416	0.3273	-0.3035
0.0171	-0.0577	0.5227
-0.3970	1.0340	1.6731
0.7704	0.3947	-0.9166
0.0089	-1.8546	-0.6948
-0.6254	-2.1146	3.0955
0.0562	1.2452	1.2660
-0.6090	-4.0589	2.0583
-0.2539	-1.1119	0.8132
-0.8492	-0.2565	1.1412
-2.4110	-2.0078	5.0902
1.2268	3.0729	-4.1854
0.4469	-1.5657	0.2821
0.8737	1.4921	-2.9592
-0.5416	2.2367	0.7982
0.3844	0.6844	0.2547
-0.4471	1.0137	-0.0131
1.2902	-0.8576	-1.2759
-0.8763	0.3283	0.3094
0.6502	1.7117	-1.8099
-1.1329	2.3970	-1.0835
-1.4376	0.0565	3.2165
-0.0448	-1.8356	0.5852
0.8885	1.7652	-1.2521
1.2195	0.5618	-3.8167
-1.1410	-2.0937	2.5047
-0.7690	0.3086	-0.1310
0.9377	0.7832	-5.6508
0.3557	2.0159	-1.6169
1.3387	-2.8972	3.8145
-0.2658	-1.3369	-0.5513
1.4862	0.4709	-3.2630
-0.1584	0.8209	-0.8450
1.8754	-1.3959	-1.5557
-1.1411	-1.6410	2.6862
0.4618	-2.9149	0.4402
-0.1771	2.0952	-1.1855
-0.6951	2.3902	-2.8638
0.4207	-0.5683	0.8444
-1.0481	-1.5666	3.1244
-0.6390	0.9374	-2.6336
-0.1162	-1.8180	1.0340
0.4252	1.7579	-5.3201
-0.0659	1.4474	-1.5221
1.5783	-0.6044	-1.8706
0.4085	-2.2673	1.5970
-1.0080	-1.6561	4.6537
-1.5243	0.4395	3.3762
-1.0513	0.9479	1.1395
1.2884	0.4872	-5.0845
-1.7691	-2.7462	7.0158
-0.1646	0.1660	-1.8695
-0.5608	1.5979	-0.9791
0.0833	1.3112	2.3391
0.9282	2.9746	-2.7005
-0.8619	-1.8532	2.0282
0.2194	-0.6242	1.9738
-0.7177	-0.2136	4.1886
0.9801	-0.2637	-2.7088
0.5917	-3.7915	-0.2654
-0.8467	1.9818	0.0430
-0.1049	-0.3922	1.1507
-0.3125	1.0905	-0.4396
0.4858	-2.4832	1.6491
1.3427	2.9294	-3.6810
-0.4561	2.4764	-0.4867
0.1062	0.6147	0.2877
0.3248	-1.2016	-3.0802
-1.3053	-0.4456	2.6331
-0.2907	-2.6172	4.0340
1.5716	0.8792	-4.3413
0.9572	1.7511	-3.3209
-0.7328	0.1276	-1.2009
0.1071	0.6390	-0.6346
0.8121	1.4646	0.8150
-1.2583	-2.2225	4.2728
-1.0548	-0.4006	0.0034
0.5080	-1.7327	-0.6728
-0.9592	2.9405	0.2514
-1.0381	1.6122	0.1085
0.3157	-2.5547	2.5072
1.2096	-2.4331	1.3065
0.0464	1.8003	-4.7052
-0.3487	-0.9287	-0.0025
0.1806	0.2905	-0.7372
0.1073	0.1160	-0.4185
-1.8923	0.8333	3.8903
-0.1192	1.6664	-0.7852
-1.5308	1.4819	5.2034
0.5341	-2.3791	-0.6181
0.7881	0.0017	-1.9870
-0.6032	1.3141	-1.8618
-2.0672	1.3850	0.8187
0.1798	-0.2190	-3.2475
-1.3655	0.0234	5.6586
1.0018	-0.2115	0.9231
1.7195	-1.4766	-1.5319
1.2638	-3.1002	1.2036
0.9321	1.1860	-2.6442
1.2227	-2.3994	0.5310
-0.2515	-5.3342	1.9025
1.0665	-0.7613	-0.1345
-0.0583	-1.5093	0.4274
0.8051	-0.4880	0.7087
0.0231	-1.4349	2.4960
-0.9150	-1.9873	1.7107
-0.4536	0.8591	-0.2222
0.1395	0.4868	1.1484
-1.2535	-1.0900	0.5993
0.0594	-0.6554	-0.2438
-1.5875	2.7220	-0.1970
0.2899	-0.1024	-1.8767
-0.4134	1.4748	0.2624
-0.7932	-0.8163	5.0096
-0.4748	1.2958	-0.2950
0.8918	1.1687	-2.7910
1.1756	0.6599	-0.4933
-1.5564	-0.4579	-0.9636
-0.0554	1.5534	2.1558
0.5922	2.4285	-0.4728
1.5552	-0.6070	-2.5137
0.4447	-3.4539	-1.9230
0.2578	2.9765	-0.6720
-1.1542	1.1036	2.9265
1.6134	-0.2445	-1.5788
-0.4735	-1.8173	4.8565
-0.6493	-0.8774	1.6265
1.1198	-2.2061	1.3041
0.4390	-0.6128	0.4360
0.6428	0.1244	-1.8335
-0.2877	-0.6256	-0.5758
-0.0332	-0.7172	1.9901
1.4647	-0.1540	-1.7222
-1.5485	0.1268	1.2300
0.1722	-0.8336	-0.4094
0.3725	1.0658	-0.5911
-0.5635	1.6244	-0.0049
0.8429	-2.3537	1.3145
-0.6351	4.8859	-2.9705
-0.1606	-0.4731	-1.8537
-1.1716	0.8000	2.3647
1.0954	-2.0969	0.6080
-0.7566	2.7822	0.2100
1.6547	-1.5476	-4.1702
0.2338	-1.3415	3.4062
0.2400	0.5223	0.8405
0.4120	2.4207	-0.3113
-0.9919	-0.0903	2.2016
0.6102	1.6538	-1.2869
-0.4561	0.5274	-1.0341
-2.6669	-1.7821	5.1306
-1.8143	-1.0073	2.6571
0.9375	0.1752	-0.9418
-0.6463	1.6371	-0.3831
1.0973	1.7363	-2.0831
-1.9110	-0.0486	4.2968
1.1857	-0.9300	-4.1763
1.4180	1.7297	-1.4599
-1.1575	1.6216	-0.8415
1.4692	-0.2405	-3.8994
1.6632	0.8512	-4.2538
-0.4709	0.4166	0.1549
0.4590	1.2725	-1.9841
1.7829	-0.3209	-0.0152
-3.1483	-2.7843	4.7948
0.3914	-2.7283	-0.6944
-1.6485	-0.5400	4.9442
1.1054	1.0559	-1.5166
0.7875	-1.6138	0.8181
1.2075	0.5971	-3.3946
0.0481	-1.0770	3.2600
-0.3120	-2.5160	0.1285
1.1049	1.2375	-4.1662
-2.3846	-2.2740	5.3708
1.2088	1.8491	-1.8488
-0.4573	0.8092	-0.6449
-1.8452	0.8789	1.4066
-0.0849	-1.0167	-0.4697
-0.7194	-0.3555	-1.6535
-0.7408	-0.2844	1.4166
-0.8514	2.2618	1.3513
-1.2948	0.7566	1.6170
0.2009	0.7139	-1.1601
-1.1279	0.9647	2.9146
-0.0719	0.5783	1.6962
0.5571	2.9849	-4.8461
0.1562	-2.0022	-2.1049
-0.0146	0.1885	-0.7663
0.3506	1.9329	-3.3834
0.4855	-1.1695	2.2794
1.0628	0.8436	-1.1688
-0.5770	-0.9973	3.1523
0.8991	1.1788	-1.6000
-0.7910	-1.2222	2.1015
-0.2998	0.4506	-3.3165
-1.6281	1.6956	-0.7569
0.6715	0.6107	-2.8276
-2.2684	-0.9542	3.3964
-1.1286	0.9167	-0.5281
-1.7539	-1.9550	6.4621
-0.8511	-2.0431	4.4231
-0.8910	-2.2755	1.0011
-0.3430	-0.8275	2.2324
1.2703	-1.4539	-1.0729
0.6159	-0.0833	1.8975
1.0449	2.4196	-2.9273
1.0669	0.3589	-3.8964
0.5818	0.3147	0.1133
-1.6035	-1.2709	3.4055
0.4309	2.8284	-0.8090
2.6141	0.3865	-9.2050
-0.6463	1.9626	-0.7736
-1.4384	-1.9595	-0.6811
1.5436	-1.1574	-3.0688
1.8669	1.4194	-3.1750
1.1345	-0.6882	0.2532
0.0854	-2.6606	1.1112
-0.1720	-2.3260	0.2972
-0.3926	0.7879	0.3247
0.8083	-3.2362	1.5536
-0.1682	2.4801	2.8603
0.4801	-0.0235	-1.2122
-1.5012	0.7613	1.5672
0.3312	-0.6185	1.7271
-0.0401	-1.1222	1.4906
1.6597	-0.6408	-1.1032
-0.4155	1.0243	0.3208
0.2066	-2.6770	3.3956
-0.5702	-1.8649	6.2854
-1.4871	-0.5066	1.3696
0.0925	0.6615	3.2616
-0.0374	5.1540	-2.0315
0.0198	-3.1432	2.6538
0.1480	-4.4698	3.5394
-0.4085	-0.7235	1.2393
1.0391	-2.0578	-0.3743
0.3165	3.1746	-2.6325
0.3703	-1.9943	0.6294
-1.3916	-0.7983	3.8962
0.4689	1.3203	-5.0496
0.8284	-0.6041	-1.1944
0.2891	1.8654	-1.4758
-0.1384	2.9615	-0.4725
0.4141	0.5954	-3.0110
0.1640	-1.5880	0.4547
0.6119	-0.3221	0.3216
-0.5101	-1.5410	2.5111
-0.8468	-0.7400	1.5122
-0.4789	0.4370	-2.4775
-0.3572	0.5304	-3.2562
0.2958	2.4149	-4.1287
-0.3468	-0.7577	0.9154
1.0863	-1.1519	-3.8317
0.6774	1.8903	-2.4271
0.8669	1.4571	-0.3616
0.6380	-1.3982	0.4040
1.6229	3.7827	-3.7928
0.6180	-1.0817	0.6754
0.5975	0.0743	-1.1124
0.9848	-1.9926	-0.2306
-0.4918	1.6793	-5.2187
0.6661	-1.2915	1.1944
0.9091	-0.8969	1.7042
1.2932	-1.9601	-1.1354
-0.6403	1.1810	0.4146
-0.3454	-3.3770	-0.8429
0.4655	-0.0792	-0.7019
0.6916	-0.2152	0.6124
0.1932	-3.3264	-1.7663
0.1276	2.8836	0.2860
1.0330	-0.0114	0.1287
2.1294	1.1047	-3.3294
-0.4547	-0.7981	2.8040
-2.3857	1.1539	2.5673
1.0912	1.8221	-1.4017
0.2812	0.2672	-2.6632
1.0693	-2.0563	0.6294
-0.8581	1.9287	0.2015
1.9535	-0.2910	-0.7864
-0.8387	-1.5061	3.9909
0.2096	-0.9250	1.2090
-0.0067	-0.6426	-2.1973
-0.1780	0.0720	1.4560
1.2410	-0.7656	-0.5719
-0.2986	-0.7402	1.2599
0.1591	-0.0210	-0.8006
-0.4653	-0.2880	3.1089
-1.3267	-1.0366	4.3198
-0.4697	3.0419	-1.6195
0.4295	2.3728	-3.0471
-2.1790	-0.1630	4.3953
0.7159	2.5533	-1.0698
-0.1122	-0.7493	1.4854
0.4300	-0.8002	-0.3326
1.5860	-0.8260	1.0649
0.0778	-2.3349	-1.0456
-0.0402	0.2427	2.5070
-1.2811	-2.2916	5.7929
1.1994	2.6350	-4.4608
0.6597	-0.0881	-0.1552
-0.2025	1.8555	-1.3619
-1.3432	0.0759	-0.6736
0.2502	1.1461	-2.9861
-2.1706	-3.7867	6.5889
2.4333	-1.9673	-3.3208
0.6870	-2.2446	-1.4866
0.5404	-0.4650	-4.0648
-1.6682	1.6766	2.4133
0.4277	1.6586	-1.3622
1.0438	-0.0137	-0.6785
-1.1358	0.3702	3.5342
0.8216	-1.2839	-0.2569
0.2810	2.4699	-0.4829
-0.7446	2.0014	1.1952
1.2329	2.0325	-2.3723
0.1032	1.2384	1.7391
-0.2749	1.5353	1.7235
-0.0651	-2.5584	2.1093
-0.2994	-1.2258	-1.2295
-0.2105	-0.6036	0.9689
-1.2442	-2.9778	3.6765
0.1908	-1.7405	1.1137
-2.6488	2.6077	0.5376
1.1462	-2.2203	-0.2591
0.1388	-0.6665	0.9629
-1.3173	-2.8530	5.8211
-0.7899	-0.2697	-0.8084
0.5339	0.9325	-0.7124
1.9070	1.8827	-4.3889
0.5013	2.3157	-1.9965
0.9845	0.0388	-1.4837
0.4612	-0.0371	-2.6803
-0.5751	-1.2993	2.6914
-0.2021	4.3234	-1.6120
-0.8848	1.3533	-1.7043
-0.6569	0.6357	-2.1913
-1.6452	-2.1025	2.1872
0.6464	2.0386	-2.9907
-0.4624	-2.6273	1.6440
-1.1890	0.9753	0.8833
-0.3300	0.5924	-2.1506
-1.2778	-3.1344	1.5452
1.5365	4.1925	-4.7739
-0.2632	1.4513	-1.0609
0.0544	0.3655	-1.3904
-0.9648	0.9959	-0.7428
-0.5898	-0.1139	-1.0399
0.3746	0.4611	-1.3967
-0.9379	-1.5389	1.1238
-2.1790	-1.1781	4.3100
-1.6313	0.2044	0.4496
0.1758	-0.3579	-0.7308
1.5968	-0.4743	0.2432
-1.2300	-2.8925	4.8259
1.2658	-3.2168	-2.8706
0.4950	-3.0301	-1.1687
0.7963	2.1001	-1.8573
1.8884	0.2927	-2.0411
-0.4692	-0.9602	-0.1438
1.2058	-1.2745	-2.7944
1.6075	3.5572	-1.4841
-0.8645	1.8739	1.0835
-1.3855	0.9809	1.3192
0.6242	-0.1499	-0.8700
-0.9104	3.1818	-2.4417
-0.6415	1.1610	-0.3276
0.2158	0.4422	-1.1135
0.7915	-1.7099	0.1015
0.5905	2.6152	0.1373
-0.0253	0.2464	-2.3093
-0.1664	1.7852	-1.9109
0.8606	0.6717	-1.3015
0.8204	-1.4269	2.2200
-1.1497	1.5552	1.8907
-0.3445	0.0489	3.9985
0.4223	0.5194	1.8082
0.1046	0.4591	0.8633
-0.2287	-0.9487	-0.9906
-0.1950	2.7155	-3.1638
0.7087	-0.0344	-1.0680
-0.4453	0.6127	-1.2194
0.1784	-2.0133	2.4828
-0.0183	0.1248	-0.1537
-0.6184	-1.1293	-0.6803
-0.3319	-1.9442	1.1947
0.7692	-0.5753	2.2391
0.2290	-0.3237	2.0731
-0.2196	0.7089	0.3223
-0.2203	-0.9883	-1.4272
-0.9488	-0.7320	1.7130
0.4083	-0.1487	1.5533
-0.4852	3.3702	-1.9793
1.5201	2.4664	-5.1262
-1.1208	1.2902	-2.0578
0.9481	-2.2838	-2.4577
0.6235	0.6463	-2.8842
-0.7729	2.6839	-0.0764
-0.2645	-0.9074	0.7823
0.4640	-0.8680	1.8650
-1.1709	1.9996	2.7479
1.0273	3.4896	-3.7911
0.4416	-0.9429	-0.7547
1.0910	-0.9689	1.5874
-0.5646	-3.4024	4.3258
-0.5387	0.2589	2.0970
-0.4505	2.0285	-4.1134
0.1675	-1.8904	1.6573
0.6169	1.9289	-3.1132
0.3192	2.1870	-2.7918
-0.6641	-0.0641	-0.8257
-0.5469	2.4057	-2.7569
0.2235	-4.1247	1.6703
-0.6467	-0.7809	-2.2825
0.8814	0.3799	-1.4891
0.8237	0.6553	-2.0749
-0.2850	0.3540	-1.9830
0.7647	0.1544	-0.5801
-1.0707	-0.7453	3.4260
0.7154	1.6495	-3.7736
1.6398	-0.8718	-5.6711
1.2405	-2.6132	-1.1999
0.2836	2.2006	-3.6808
1.0014	0.4414	-5.2846
-1.2752	0.1004	4.5937
-1.4588	-0.7642	1.6818
0.7518	-2.3086	0.9225
-0.5522	-0.6260	1.3166
1.9177	1.0950	-2.9098
1.4974	2.2717	-1.6559
-0.7023	1.0229	2.7253
-0.1116	0.2732	-2.4855
0.4669	-0.4499	-2.5797
0.3958	-3.0181	1.9327
-0.4935	-0.3747	4.6344
0.5913	1.6317	1.2920
-0.8185	-3.7028	5.4694
0.8361	3.2535	-2.2691
0.5415	-1.3667	2.6463
-0.4509	1.3289	-1.2549
0.7739	-2.2089	-1.2263
0.2150	-2.7797	1.9605
-0.1637	-1.1095	-2.6037
-0.8775	-0.8985	1.1150
-1.7226	0.8263	1.4060
-0.2978	0.9788	-2.1521
-0.6078	0.6851	1.4465
-1.1650	-0.4656	0.3401
0.1487	-0.5398	-3.3908
-1.0622	0.7272	-0.2478
0.1922	0.4832	-1.3308
0.1079	-3.6846	1.2910
0.3141	-1.0516	1.0399
-0.8150	-1.4273	-1.0252
-0.7152	-2.4567	3.2242
-0.6325	-0.3451	1.3740
0.0710	-0.9154	1.0856
0.4938	0.2255	-1.5967
-1.0549	0.3084	1.1880
1.0308	1.6365	-1.7080
-0.0811	-1.9413	4.2238
1.8943	-0.5163	-2.1074
1.2982	2.2106	-2.8454
0.6853	-1.7521	0.5694
0.9868	3.0256	-6.3787
-0.2478	0.7401	-1.1251
-0.2467	-0.2407	3.2768
-0.5183	-3.0655	3.0077
0.2530	-1.3720	-2.2107
0.5794	-1.8065	3.1796
0.6162	-1.3585	2.3748
-0.5111	0.6423	1.1155
-0.7469	2.6513	-2.0013
-0.2207	-1.9255	1.6286
0.5455	-0.6783	-1.6092
0.6988	-0.4853	2.3551
0.4803	-0.3657	0.6331
2.0743	-1.3677	-4.7342
0.3783	-1.0920	1.4240
-0.0932	-0.0217	0.3739
0.2728	0.7739	1.0233
-0.9578	-0.0145	1.1852
-2.4568	-0.5410	2.9504
0.0230	-2.5967	3.8437
0.4373	0.9590	-2.0637
0.2506	-1.4241	-0.4418
0.0413	-0.6673	2.1263
0.1768	-0.1341	-0.9899
0.8697	0.7261	-1.1168
0.1950	-1.3376	-0.4102
-0.4583	0.1420	1.1097
0.0155	-1.1614	2.8213
0.5059	-1.5232	0.1309
1.7822	-0.9151	-1.5728
0.3096	1.5285	0.1236
0.5556	-2.6425	1.4175
1.8673	-0.5856	-3.3362
-0.3276	-0.6244	0.4465
1.5438	1.6947	-1.0373
-0.1274	-0.2081	2.2012
-0.5049	-0.1579	2.8369
0.1906	1.7033	-0.5680
-0.2628	1.5870	-0.9232
-0.3910	0.9559	-0.9153
-0.6484	1.8158	-2.1426
0.1473	-3.5035	5.0981
0.4438	0.3112	-3.5197
0.6517	-0.4179	-0.2370
1.0049	-0.0248	-0.2713
-1.1612	-0.8286	0.9597
0.2419	-2.0804	2.5810
-2.3153	2.7316	0.9517
-0.5788	-1.0377	1.8383
-0.1556	0.7674	-1.1798
-1.3739	1.7094	1.6150
0.9814	0.0228	-3.6819
0.8729	0.6398	-2.6539
0.2840	-2.3410	2.3134
0.8667	0.4650	-4.8674
-0.9838	-1.5919	2.5063
-1.4401	-3.8133	4.8801
-0.5777	-1.5795	2.3883
1.9790	-1.4779	-2.2336
0.9375	2.0041	-1.4884
0.0656	2.4027	2.8385
0.7733	3.0587	-3.9030
0.1741	0.9626	5.9147
1.1150	0.7841	-1.7055
0.9798	4.8975	-7.3795
-0.6698	3.3083	-3.2202
0.2300	-2.1966	-0.1216
-2.6676	0.7031	5.5294
-1.2745	0.7297	-1.4866
1.1822	3.7891	-2.1930
-0.1746	-2.8679	1.6286
1.1952	-1.0631	-1.6999
0.6704	1.4330	-2.1902
1.5429	1.3379	-1.2086
-0.0351	-0.8557	0.5519
0.6895	-2.6485	0.7767
0.7803	-1.2256	0.3235
0.3055	1.3072	-3.9902
-0.1756	-0.7634	1.0970
-0.7536	-2.0827	1.4243
-1.1052	2.0448	2.2416
-1.4000	0.9058	3.5352
-0.8692	-1.7300	1.1478
-1.2025	0.6942	-0.7769
-0.0365	2.3204	-1.5813
-1.8495	-2.8573	1.8544
-1.0105	-0.3134	0.9502
-0.6439	-2.4703	0.1816
0.9972	-2.6184	-0.3202
-0.5734	0.2049	0.0031
0.1244	-1.7542	0.8802
0.4374	-0.1089	-2.3017
-0.4450	2.5659	-1.6431
-0.7072	-0.0062	0.2109
0.5190	0.9093	-1.7209
1.0734	0.5563	-1.6107
-0.2107	-0.8682	0.5814
0.4868	-0.3298	-1.6871
-0.4298	-2.1308	2.3678
-0.0694	1.3934	-2.6284
-2.6336	-0.8871	5.4283
1.2523	-0.2803	0.4606
0.1284	2.7203	-1.5365
-1.8639	-0.2804	0.0393
-0.1486	2.9866	-1.9920
-0.1094	-3.4008	0.5404
0.6211	-3.2399	0.4168
-0.4276	0.5230	0.0031
-0.9022	-0.5562	0.4336
0.7592	1.1529	-0.1710
-0.8159	0.3365	1.8838
-0.9976	1.9248	-0.8289
-0.8504	3.3659	-1.5923
-0.6081	-1.2964	-1.1133
0.6894	-3.8735	3.7577
0.0044	-0.0889	0.3707
0.2268	-2.3111	0.8408
-0.1891	-1.0543	-0.6226
0.0845	-1.4012	-0.6607
0.4259	-2.0616	-0.5494
1.3966	-1.4942	-3.4130
0.4081	0.1873	0.3694
1.0640	2.3934	-5.1100
-0.8545	1.4081	0.6680
-0.0320	0.8642	1.4850
0.8599	-0.8230	-0.5073
1.2790	0.4386	-2.5647
0.5557	-0.8829	-2.6852
0.2331	-0.2212	1.1722
-0.4563	-1.5572	4.0192
-0.3626	0.4691	1.5748
-0.5601	-0.2652	2.0080
0.8532	-1.2277	0.5873
0.4932	-0.9124	-2.1526
-0.2782	0.9147	-0.9315
2.2660	2.2636	-5.7953
-1.0375	-0.0867	1.2309
0.0116	1.7813	-1.7751
0.4562	-2.8420	2.1352
-1.3965	0.7735	-1.7720
2.0985	1.0871	-4.1825
0.0824	0.4299	-1.2516
-1.0092	2.4983	-1.6641
1.3047	2.2322	-5.2020
0.6167	-0.1650	-1.2714
-0.5355	-0.9141	1.1169
0.3670	1.0032	-3.0471
-0.7900	-0.0528	1.9038
-1.8485	-0.8856	2.6529
0.5623	-3.5773	4.5523
-0.3771	1.0861	2.2947
1.1178	-0.7161	0.5287
0.1910	-2.5372	0.3618
0.3544	-2.1499	0.8273
-1.0067	-0.2087	4.6531
1.2778	-4.0693	1.8174
2.1474	-1.6038	0.6734
0.8705	0.5140	-1.7869
2.4142	1.1991	-5.9608
1.2389	-1.1693	-2.5197
-1.8546	0.2106	3.1319
-0.8854	0.1236	-0.7367
0.8929	0.1395	-1.6198
-0.7508	-0.2234	-0.6322
-0.0002	0.6225	0.3548
-1.3097	0.5854	2.9335
0.0325	1.1051	-1.1795
1.2889	-0.6834	-0.4149
-0.7575	0.2540	-0.8255
1.2961	0.5673	-3.1792
2.0716	0.8915	-3.4760
-0.7617	-1.6051	2.9135
-0.8960	-0.7453	1.4793
0.5429	1.0775	-4.2415
0.7043	-1.0076	2.4761
-0.3767	-1.1713	2.4143
-0.2667	-2.4308	3.2064
-1.6363	0.5189	1.0895
-0.3399	-3.7093	3.2907
0.0196	-0.9340	-0.0856
-0.7335	-2.7772	3.8713
-0.4590	-2.6285	2.7894
-0.0492	0.3481	-1.2482
1.3318	0.7238	-1.4188
0.2145	0.4124	-1.3504
2.0645	-1.0724	-1.5921
-0.6721	-0.9178	3.1087
0.5456	2.0196	-2.4957
0.5227	-1.2729	1.8078
-0.3891	-1.9340	1.8406
-0.9420	-3.0726	2.4798
-2.1882	0.1092	1.6957
0.2972	-1.1200	3.2561
-0.3789	2.6302	0.7057
0.4286	-2.2846	3.8287
-2.0772	0.1328	1.7194
0.9892	2.0309	-3.6449
0.0070	-2.9022	1.1377
1.4908	-2.1473	-2.7900
0.2737	0.6679	-1.2748
-0.8114	1.6084	-2.3816
0.3064	1.2581	-0.1413
0.2756	-4.3317	3.3299
1.9740	-3.6888	-0.2313
1.7097	-0.9592	-0.0399
0.6661	-0.6771	1.1470
0.0479	0.2881	1.8357
1.1871	1.4205	-2.3936
0.0801	-1.4284	-0.8818
1.8179	1.3108	-2.8368
0.7342	1.2448	-1.4105
-1.1004	-0.8228	1.4999
-0.6732	0.2717	3.7674
-0.1942	-0.6086	-1.2368
0.4372	-4.3730	3.3812
0.0910	1.4168	0.4345
0.1469	-2.4516	2.4109
0.3307	0.8454	0.8855
-0.2353	4.5001	-0.1819
-2.0366	-0.4386	4.0323
-0.7039	-2.6787	2.5227
1.7392	-2.8947	-2.8208
0.9721	1.8310	-6.1813
0.1271	-1.3028	-0.1038
1.6030	4.3398	-6.2278
-0.2170	-0.0743	1.1493
-0.2027	0.3025	-0.2173
1.1804	1.5617	-5.5390
-0.6188	-0.2099	2.5412
-0.9972	1.4982	0.5328
-0.6462	2.8395	0.5079
-0.1213	1.5612	-1.8062
-0.7791	-0.5228	2.0555
0.0876	-0.5901	-1.3081
0.3937	1.8899	-3.1028
2.3646	0.7403	-5.5173
0.1992	1.4604	-3.4213
-0.8743	1.8549	-2.1294
0.9433	-2.3873	2.8670
0.6889	-0.1076	-0.7907
-0.5686	-1.6047	3.0658
1.2103	-2.0370	-3.1381
0.3702	-0.1917	0.7730
0.8753	2.5134	-2.8666
-1.2284	-1.4720	4.7505
-1.2080	5.4442	-3.3891
1.2385	0.6956	-1.6249
-0.6339	1.9172	-0.6977
0.4940	2.0313	-0.9569
0.5507	-2.9352	2.3622
-1.2344	2.2320	-0.3269
0.3940	-0.5095	-1.3472
-0.2165	0.7620	-1.8072
-0.4519	-0.7435	4.0167
-0.2831	-2.1187	2.7310
-1.5735	-2.9911	5.8275
0.3633	0.6216	-1.0455
0.0882	0.4901	-0.0306
0.4161	0.3398	-0.6149
1.5518	-0.3676	-0.0961
0.5984	1.1960	-0.9847
0.1869	-1.0560	-1.4569
0.2263	-1.6788	2.6386
-1.1469	0.7425	-0.1019
1.6637	0.8959	-2.8419
-0.1515	1.3152	-0.9111
-1.4014	4.1367	0.3908
-0.0044	0.4976	1.7605
-1.2940	1.8854	0.7262
-0.3246	1.0976	0.4036
0.0625	-1.0852	0.5678
-0.7272	4.8726	-2.7230
0.4228	0.0614	0.4666
0.0607	-3.0197	2.9111
-0.4947	-1.0641	1.9963
-1.4132	1.3150	1.0277
-0.0992	-0.0679	-0.7884
1.1419	1.0097	-5.4861
1.0228	0.3323	-2.3881
-0.2902	1.1148	-1.1814
-0.0430	0.3129	-0.8216
-1.1122	1.7525	3.1786
1.2206	1.4444	-1.9224
-1.1267	0.5041	3.3534
-0.0701	-1.9973	2.5239
0.4053	-0.9926	1.2551
-0.0375	-0.0384	-0.6804
0.0823	0.4185	-3.8865
-0.5544	-4.0449	4.6323
-1.4217	0.8489	2.0305
1.3316	2.9226	-5.5131
-2.1504	-4.5697	5.0449
-0.0574	2.1042	-1.5029
0.5682	1.2154	-4.3737
-1.3171	0.2025	0.9887
0.0851	-2.7432	3.0755
0.4372	-1.0720	1.3697
0.5203	1.3457	-3.2778
0.5634	-3.1488	3.9998
-0.2095	2.9142	-1.3116
-0.9101	0.2031	0.5608
0.6400	2.4870	-1.5830
-1.7463	-0.3120	1.3487
-2.2135	0.0323	4.5797
0.6014	2.2321	-5.5287
-1.6896	-0.3941	3.5481
-0.9000	0.3726	0.8896
1.6125	-2.1033	-0.2021
1.2224	1.2172	-0.7842
0.4437	2.7468	-4.2819
0.4386	1.9135	-2.2470
-0.5949	3.5965	-4.7408
-0.5280	1.7752	-0.7169
0.2093	0.3187	-0.9048
-0.8402	2.1019	0.5080
0.0979	-1.4626	0.4036
0.6453	-0.1291	-0.8761
-1.9177	-0.9365	6.0281
0.6057	-2.0078	1.4632
0.3993	2.8601	-2.9472
-0.0491	0.8524	1.9755
-0.1295	0.8009	2.4826
-1.1988	2.1601	-0.4097
0.5628	0.0442	-2.4073
0.1473	1.0974	-0.1966
0.0374	1.5049	0.2982
0.0159	0.6225	0.6155
-0.4851	0.5514	0.6441
0.7190	-1.2295	-3.7323
1.7101	1.8781	-3.7144
0.1029	0.5478	0.6940
-0.5656	0.5632	-2.5533
-0.3323	0.1008	2.1883
-0.2746	1.8912	-0.0072
-2.9762	-3.0520	5.6880
0.9627	1.0573	-1.7740
0.4069	-0.4520	-3.1970
0.9892	-1.1602	-0.3896
0.2400	1.4736	-0.5366
-0.0979	2.3615	-2.9847
-1.2266	0.2490	2.6118
1.2510	1.7774	-3.2399
-1.7885	1.5466	-1.5805
0.7856	0.6086	-1.1472
1.0047	0.6843	-4.6216
-0.8928	1.8376	-0.1201
1.9743	1.4277	-4.0594
-1.1952	0.9800	-0.5345
1.1390	-1.4877	-0.4946
-0.0966	1.1006	-0.8143
-2.6498	1.2714	0.7561
-1.3700	1.4884	-2.6752
-0.7631	0.1441	0.9364
-0.4335	-1.7927	3.5638
-0.3094	0.9619	-2.6675
-1.3941	-0.5125	-0.2600
-0.2657	0.8864	-0.3590
-0.0028	-0.5612	1.9069
0.5031	-2.7019	3.7896
1.2540	3.1087	-3.8960
0.9532	1.9237	-4.3669
0.9420	-1.2149	-2.8146
1.0953	-1.0769	-1.0557
1.0606	-0.9607	-1.8553
-0.6265	-2.4699	2.9370
-0.6039	1.0831	-2.8658
-0.0425	1.1346	-1.3895
-0.1429	0.1193	-0.7477
0.5607	2.0749	-2.4954
-0.1667	1.5844	0.0921
1.7477	3.3760	-4.9921
0.4839	3.9617	-3.0886
0.3367	-4.4135	2.4641
-0.3804	0.3135	-0.4265
2.4944	0.6615	-3.5929
-1.8550	1.1602	0.9342
2.0130	-1.1951	-1.8099
0.4184	-1.2231	-0.3721
-0.5746	-3.3731	3.8456
-0.0271	1.9273	-2.5786
0.8176	1.8801	-0.8791
0.6807	1.1615	-0.6308
1.2910	1.5704	-3.5147
-1.0358	0.0871	1.6014
0.7847	2.4066	-3.9717
0.9113	0.2255	-2.5213
0.0092	-0.2948	1.2037
1.9317	2.1325	-3.3859
1.1510	1.2650	-3.0147
-0.4157	-0.9435	2.4275
0.0129	0.8263	-0.4513
1.7694	0.5046	-1.1824
-0.8860	-1.2893	-0.9090
-0.6377	1.4092	-1.3271
0.5750	-2.2653	-1.4286
-0.2121	-1.2086	1.2617
0.1116	-0.1609	1.6958
0.5416	-0.8037	-1.6919
1.2403	-2.3281	0.2951
-0.4888	1.9170	-1.5866
1.6430	0.4885	-5.8927
1.7829	1.6126	-2.9355
1.4157	1.3246	-5.0875
-0.0829	-2.6627	4.8165
0.4704	-2.2992	2.2848
-0.0168	2.2702	-1.2156
-1.0543	-0.6726	-0.3825
-0.2448	2.8178	-1.7861
0.4240	3.3976	-2.1006
-0.1584	2.2219	0.5450
0.0894	-0.1042	-0.6320
0.0710	-0.3543	-0.5467
0.3269	-1.0989	2.2095
0.6743	0.7929	-3.5553
-0.3011	1.0315	4.5546
-0.7979	0.7749	-2.2280
1.5191	3.4595	-8.6227
-0.3539	-2.8257	0.6184
1.1973	-2.9076	0.6748
2.0218	-2.3325	-1.9215
0.9058	0.6329	3.0691
0.6626	0.5451	-0.3513
-0.3561	0.4800	0.2932
-0.7267	-0.8662	2.6447
-0.8789	-1.0501	1.6011
-0.0146	0.6406	-0.7848
0.9903	2.5993	-4.8354
-0.9992	-2.3783	0.6957
0.7439	-2.1535	1.1709
0.3018	-0.1487	4.6337
-1.1614	-0.4968	1.7557
-0.5196	-1.2995	2.9900
0.6166	-1.8249	-0.3863
-1.6423	-0.3793	0.0888
1.0838	1.7636	-2.1946
-0.4569	-0.9040	0.9600
0.2669	-3.8707	1.1191
0.9581	3.0635	-2.6265
-0.8461	-0.6187	1.0651
0.6063	-1.6857	-0.0578
-0.0815	1.6645	1.0141
-0.3193	-0.3253	-0.2656
1.6110	2.1848	-3.4172
-0.6893	2.2022	-2.1822
0.9476	-1.5016	-0.7381
-0.8235	-1.0771	3.8707
0.7756	1.4879	-1.6864
-0.4442	-0.5738	0.9628
0.1257	-0.1919	-0.6149
-1.6379	0.3830	4.8343
0.8200	-0.9686	-2.4793
-1.0920	-0.6631	-0.3192
-0.4553	-0.4915	-1.1676
-0.6804	1.9010	0.6671
-2.2468	2.1263	2.4203
0.4163	-0.8516	1.6201
-0.5521	-3.0539	3.4095
0.3359	-2.1168	0.3021
-2.0478	1.9609	3.6934
-0.4933	-2.4007	1.9448
0.3634	-1.4716	1.4597
1.6697	2.8742	-2.2917
-1.1754	-0.7956	0.4925
-1.8815	0.8858	2.4103
1.2236	0.2958	-0.8644
-0.1010	-2.6666	-0.6651
-0.4549	-2.0165	1.0625
0.7573	-0.1949	-0.6306
0.6815	1.8460	-2.2371
2.3622	1.4018	-5.8440
0.4919	0.8900	-0.7791
-2.5604	0.5772	1.1980
0.4326	-1.1828	1.1779
0.6565	-0.4224	1.2812
0.1774	-2.9787	1.3059
