X0	X1	X2	X3	X4
0.5406	0.3497	1.4803	-2.1879	-2.9246
-1.4560	-2.7823	-3.0160	6.5254	4.7750
-1.2941	-0.2885	1.6491	0.7047	-1.0142
-2.0946	-3.5424	-0.0981	5.4899	4.3625
-0.1389	-1.1376	0.2999	2.6172	2.5238
-2.4075	0.1675	1.8841	-1.1301	-0.2192
0.1621	1.3392	-1.0636	1.3019	0.0410
1.0739	-1.2989	-1.8244	4.5468	2.2649
-1.1292	-2.9690	2.4028	-2.6928	-2.4702
0.4747	-1.0705	-0.1874	1.0564	1.7160
0.7605	-2.1731	-0.5608	2.1970	1.5529
-0.7120	-3.3601	0.6274	4.4699	4.1542
0.2266	0.2582	-1.4386	-0.2556	0.5916
0.5164	-1.3604	0.2225	1.4247	1.7679
0.5319	0.6742	-1.0201	-0.2646	-1.8250
-2.0559	-1.7309	0.6580	1.2114	0.6958
-0.0495	1.4520	-0.1389	-1.5773	-1.6888
1.1407	0.5111	-0.3714	1.8506	-0.6662
0.5031	-1.8953	0.5439	1.5327	1.8756
1.0541	0.3369	-0.4458	-1.8311	0.1881
2.3331	1.7457	-1.9438	1.7845	-0.8489
-0.2366	1.2352	-1.8510	0.5309	-0.8916
-0.1931	-2.6590	2.4217	0.6284	1.2052
-0.2501	0.9697	1.3421	-4.1744	0.1541
0.4238	-1.4803	0.4701	1.4822	1.1770
0.9730	0.6500	0.4340	1.0691	-0.5566
1.9257	1.4672	-0.9206	-0.5079	1.1286
-1.6275	-2.9320	-0.4875	2.9521	2.1820
0.2679	-1.2778	1.6256	-0.0464	-0.4003
1.9852	1.7269	1.8608	-4.0931	-1.9485
-0.9977	0.1624	0.3043	-1.6776	-1.3410
1.4511	-0.2703	-1.4277	1.7908	1.1803
0.8068	2.3696	-1.0872	-3.2040	-0.4544
1.5158	2.6826	-1.6582	-0.6081	0.3616
0.2319	0.6732	-0.0236	0.1594	0.3924
-0.6828	0.7459	1.3419	-0.8287	0.1025
-1.1227	-2.0172	1.8351	-2.4785	-0.0580
2.9271	3.7619	-1.0820	-2.3275	-1.4081
-0.9078	-1.7836	0.1144	1.0392	-1.0417
0.1257	-2.7574	-2.6118	5.7437	3.2574
0.5378	-0.1892	1.5149	-3.0041	-0.2335
1.3189	-3.1317	-2.7096	6.0313	3.0900
0.8918	3.8424	-1.8040	-1.7518	1.0909
0.5430	-0.0328	0.3037	-0.6185	-0.7638
-0.1149	-2.3980	-0.3396	0.9168	1.7579
-0.7489	-2.3636	0.6626	0.4176	1.9571
0.0261	1.0970	-1.3920	-0.0338	0.7700
-1.4841	-2.1213	0.2117	2.4638	2.2956
0.2099	-0.8270	0.8158	0.9289	-0.5552
-1.3299	-1.7964	2.7975	-3.2664	0.7240
3.3901	4.6331	-1.7573	-3.0315	-2.0782
-1.4081	-0.4541	4.0196	-4.6710	-2.9150
1.3422	0.8228	-1.5336	-0.0703	-0.8958
0.0823	2.3192	-1.1250	-0.5150	-2.2038
3.2989	2.4049	-4.1135	3.1099	0.7517
-0.0951	2.0586	-1.4662	-1.3774	-0.5642
-2.3040	-1.6839	2.3612	-0.4941	-2.0599
0.3618	1.0242	0.2294	-1.4023	1.2309
0.1764	-0.2341	-0.9358	1.0056	1.0719
0.3505	3.9782	-0.7803	-2.0368	-1.3532
-0.3241	-2.0331	0.6908	1.3926	1.1776
0.4598	-1.7980	-2.2914	4.3674	0.4369
2.3463	1.1404	1.0428	-2.5169	0.5898
2.4449	2.6088	-2.0156	-0.8703	-1.9838
-0.2327	0.0878	-1.4527	0.9406	0.3686
-0.1543	-2.2306	-1.1428	1.6986	2.4618
-0.9304	-1.5396	-3.0058	4.7997	0.5760
0.1309	1.1880	-1.8997	1.4126	1.1297
2.7891	-0.4213	0.6691	-0.1295	0.2908
1.2859	-2.8132	-0.2421	1.8682	1.4944
-0.7379	1.6850	1.7819	-5.2377	-4.2818
1.3313	-0.5792	-2.7141	2.7920	0.6956
-2.0008	0.1954	0.4850	0.6179	1.4473
0.2425	-0.6949	-1.6241	2.9654	3.1964
-1.1452	-1.0310	0.6659	-0.0889	-2.2812
0.2186	-1.3616	-0.6363	2.7135	0.9696
-0.9133	1.3827	0.3846	-3.1077	-3.5624
0.5514	1.5051	-1.9759	-0.5221	-0.0062
-0.2263	0.8341	1.5981	-2.9192	-2.8483
-1.8652	-3.6668	-0.0661	4.2107	0.0947
-0.7560	2.5748	0.8416	-2.4683	-0.5521
0.1469	-3.8363	1.9214	0.5150	-1.9218
-0.8208	-1.1200	1.3767	0.1791	-3.0066
2.2772	3.0697	2.5833	-5.7535	-4.0211
1.5646	-0.2724	-3.0654	4.0444	3.0457
-1.4129	2.5664	1.7749	-3.8438	-0.8755
-0.7488	1.2533	0.5697	-1.6970	-3.3039
-0.4201	-0.7802	2.3700	-0.8255	-0.7671
1.5250	3.9761	-1.3549	-1.0685	0.5938
-0.7788	-2.7860	0.7959	2.3662	3.3109
1.1472	2.6014	-0.5662	-1.3302	-1.0607
2.0738	2.6114	-3.3153	0.1925	2.4252
-1.5095	-2.8364	1.2671	1.3315	1.1613
-0.4851	-0.5406	-1.7506	1.9476	1.3525
0.4985	2.6623	-0.7462	-2.4810	-0.4426
-1.0638	-4.0352	0.3865	1.9904	-0.9377
1.2366	1.2493	-0.6354	-1.4286	-1.1738
0.6032	1.1766	0.7374	-0.3990	-0.2975
0.0988	-0.2590	-0.3095	0.4095	0.4145
0.8545	-0.4508	-2.1641	4.3947	2.7435
-0.5295	0.2481	0.3194	0.7841	2.1665
-1.8490	-3.0259	3.5077	-1.4607	-3.3105
-2.2484	-1.2707	0.3321	-0.0062	1.2765
0.0275	-0.8614	-0.6167	1.2145	1.5398
-0.8900	-3.0622	-1.4870	3.7797	0.7368
0.2976	2.0089	-1.5878	-1.0568	0.9797
-0.0215	1.3283	1.1440	-6.3927	-3.2566
-0.5634	0.1843	1.4905	-2.2376	-0.5986
-0.4349	-0.8983	2.4848	-0.7248	-0.4593
1.2294	-1.2536	-1.7324	4.2621	1.5497
-0.0039	-0.4213	0.0970	-0.1561	-0.1619
0.7794	-0.7615	0.9552	1.5036	1.3465
2.4348	2.1517	-1.7312	0.0823	1.5447
0.1132	-0.3593	1.7585	-1.4134	-1.0677
0.7169	1.7803	-0.3241	-2.0503	-0.2347
0.2433	0.1898	0.2152	1.0399	0.2299
1.2781	4.1520	-1.0958	-2.1855	-1.4903
-2.3954	-4.9133	2.0799	2.2131	2.0218
-0.3466	-0.1939	0.8408	1.1004	-0.9655
1.4255	1.1118	0.1197	-1.6181	-1.3412
-1.7489	1.3308	-1.7112	0.4211	1.2961
1.7984	-1.0700	-0.7960	2.9700	2.9279
1.2818	1.0955	0.6152	-1.5040	-0.5885
1.6283	2.5677	-0.5198	-2.4522	-3.3653
-0.1641	0.2254	0.6878	-2.1694	-3.6861
3.1125	1.9266	-1.1923	-0.1012	-1.5875
-0.6642	-3.5945	-2.0207	4.7681	3.4688
1.4662	0.7214	-1.2120	0.7944	-0.8779
1.0250	-1.7184	-0.6496	-0.5252	-1.2239
-0.3937	-0.2051	0.1925	1.1350	4.1475
0.7640	1.5374	-3.3261	2.6285	1.8860
-0.9586	-1.6076	0.2345	1.8164	1.2311
0.6782	0.0542	-0.9227	0.5455	-0.6677
0.6331	-2.0246	-1.5694	4.2370	-0.1217
-1.8218	0.6544	-0.5509	1.1201	-1.4061
-0.4277	0.8628	0.9203	0.2089	0.3908
-1.7634	-1.6419	-0.0232	-0.0128	0.2590
-0.8792	0.0954	0.7071	-0.9893	-0.9370
-1.2092	1.9051	1.0160	-1.5412	-0.5120
-2.1967	0.2279	2.5145	-2.1755	-2.2097
-0.9210	2.8131	0.5281	-3.9934	-1.6057
1.6781	0.6303	0.2691	0.0951	1.5397
1.2625	0.2523	-1.6061	0.5361	-0.0138
0.8218	-2.4526	-0.6412	2.1700	2.4878
1.4435	1.5926	-2.5922	2.5912	2.2282
0.3193	1.2381	-0.2427	-0.3348	-1.9417
1.3253	0.3507	-0.2087	-0.4060	-2.3316
2.0146	1.1507	-1.6628	1.6079	0.9284
0.1643	-2.3760	-0.2994	2.6158	4.4397
-1.0479	-0.3682	0.6986	-0.2958	1.9165
1.6091	0.8236	-1.3560	0.3534	-0.7047
0.7380	2.5568	-2.7816	1.4476	-0.3928
1.2958	-1.9418	-0.6332	1.3770	-0.1590
-2.7619	-4.2606	2.5779	2.9712	3.1884
-0.2260	2.5535	-0.2435	-2.5002	-3.5706
0.2939	2.4793	-0.3457	-1.6968	-1.9556
0.6903	-0.6994	1.0202	-0.9875	-0.8141
-2.7779	-2.8550	2.2588	-0.3282	0.4743
2.6462	3.8298	-0.1151	-3.5619	-2.6073
-0.1277	-2.1293	-1.6436	3.8512	2.2019
-0.1544	2.0565	0.2421	-2.0009	0.4313
0.1971	0.2957	-1.2828	1.4968	3.2584
-0.1163	-0.8176	0.4172	0.8704	-1.7700
1.7011	2.5820	-3.6260	2.3936	2.3117
2.1263	2.9458	-2.7802	1.9027	0.5716
-1.3972	-0.0503	1.2717	-0.3428	-2.5178
-0.8354	-3.9732	-0.5823	3.7214	0.4821
2.5283	2.5343	-1.1746	-0.5900	1.6831
-0.3911	-1.8166	-0.6506	3.4273	2.4621
-0.8594	0.6386	0.5450	-0.1833	-0.2651
0.0562	0.7470	-0.6902	1.7171	-1.0696
-1.6373	-2.9630	-0.8789	5.6658	1.2325
-0.2032	-0.9038	-0.4108	0.4154	0.8772
-1.6816	-2.7374	2.5103	1.4578	2.1623
-0.1591	-1.1080	2.1899	-1.3296	-0.2640
0.2439	-0.4373	-1.1883	1.7221	3.2398
-2.0005	-2.3219	-0.8185	4.9066	5.9433
2.6173	3.0024	-2.0036	-0.4817	-1.7752
0.5267	1.5347	-2.6297	0.6149	0.4924
-1.2428	4.0595	0.6223	-5.2654	-4.6062
0.5326	-2.7831	-1.0844	4.1421	2.4484
0.8823	-0.7527	1.1739	-1.6470	-0.9506
0.4187	-0.3019	-0.5806	-0.0722	-1.7113
-0.0329	-1.4672	-0.6079	1.4797	2.5796
1.3684	2.8195	-0.6662	-2.2905	-0.9509
2.2023	1.9847	-0.8581	-0.6662	-0.8272
-0.1750	1.2143	-1.9337	0.3275	-0.9411
0.2865	0.2249	0.1615	-0.3858	1.3623
-0.0911	-0.6041	0.7105	-0.3362	-1.3407
0.1001	-1.3335	0.1821	1.8000	-0.5240
4.4853	2.8062	-1.9042	-1.6182	-2.3868
-0.0253	1.3328	-0.5750	0.2941	1.3172
-0.0958	-0.7351	0.2041	-0.1079	0.0863
-1.3685	-2.2524	2.8704	-0.2010	-0.4186
-1.1395	-1.8748	-0.2023	1.9368	0.1492
-1.5008	-0.5444	-0.9735	0.6253	-0.2969
-0.9711	-1.8681	0.4793	-0.5836	0.2197
0.9966	0.7248	1.5432	-2.8033	-3.4275
0.7617	-0.5498	-2.1977	1.8528	1.0224
1.8498	1.4869	-0.2239	0.6621	-0.2274
-1.3349	-2.9597	1.1292	0.9403	0.5653
-1.0893	-2.9600	2.2590	0.3306	1.9533
-1.5622	-0.2238	-0.0370	1.0303	-0.5350
-0.1181	3.1415	-1.9878	0.9434	0.1088
2.3324	4.2924	-0.0351	-2.9965	-3.0622
0.3835	0.8997	-0.6068	-1.2625	0.9101
1.0216	1.3764	-0.6643	0.5533	-0.7023
0.2497	-0.2371	2.0257	-2.8236	-0.2635
0.6407	0.2710	-0.5846	-0.5461	1.4664
-0.6932	2.2878	1.1214	-4.0240	-1.9564
0.2165	-0.3284	-1.9993	2.3307	2.0411
-1.1425	-2.4851	1.5923	0.5993	0.0713
1.2862	-2.6081	-0.7609	2.5883	1.8232
-1.9269	-1.4621	1.0541	1.0327	-1.7382
0.8487	0.6429	0.7067	-1.1759	1.1765
-0.5813	-4.0326	-0.2347	3.3185	3.6959
-0.9132	-1.2531	-0.1052	0.7986	-0.3877
1.8500	2.0954	0.4193	-3.1112	-0.2237
0.7454	5.1596	-1.2976	-2.9070	1.8351
2.8496	3.0766	-2.6780	2.3142	0.0388
-0.8487	-4.0468	-0.8033	6.0938	0.3723
0.5243	-1.8495	1.5700	-1.0380	1.1893
1.5664	0.8302	-3.0000	1.3471	2.5423
1.4371	0.4425	-3.1701	3.3201	2.7408
-2.6429	-1.9184	0.5092	0.4201	2.3825
-0.2950	0.3795	0.3714	-0.6104	-0.2282
1.2079	1.8251	-1.4403	0.7859	1.0277
-0.2733	0.1632	-0.4753	-0.0623	-2.0141
-1.2211	-1.7793	2.8560	-0.7025	0.4582
1.9454	1.1722	-1.5796	2.4224	2.8878
-0.1378	-0.5392	-2.0027	3.4906	2.0227
-0.2994	0.4627	-0.0649	0.1798	-1.9014
0.5462	1.5441	0.2226	-2.8482	-1.1183
0.9501	2.4726	-2.5167	0.9259	1.5280
0.0847	1.0470	-0.6167	-0.9507	-1.4709
-0.4734	-0.0339	-0.3872	-0.4405	-0.5152
-2.4384	-0.1248	0.6414	0.5244	-0.4536
1.5765	2.7240	-0.8474	-1.2189	-0.1579
-2.6952	-6.6226	1.2815	4.2964	1.8657
-0.4527	-0.5753	0.3312	-0.1546	-1.9904
0.1418	1.5021	-0.2729	0.3911	0.3869
1.4012	-1.3314	-2.6289	3.9235	0.6535
-1.4496	0.2048	1.0483	-0.5824	0.0936
-0.5232	-4.4782	2.0287	1.4455	2.2035
-1.6140	-0.7178	3.0083	-0.8154	-1.7445
-0.7988	-1.0795	-0.4137	1.0500	2.0605
0.8084	-0.2843	-2.2252	3.9505	1.2947
0.3282	-0.3133	0.3227	1.6740	1.3146
1.3938	-1.0793	-1.9324	5.0084	1.7142
-0.5441	1.9211	0.7128	-3.0202	-0.4820
-0.3745	-0.6677	0.9887	0.4189	-2.4881
-0.4591	-3.1226	0.5639	1.8987	4.5088
-2.0388	0.2710	2.4104	-2.0681	-0.0639
-2.6056	-0.7836	1.9544	-0.5374	-2.7529
4.3080	2.2890	-3.2864	1.1030	2.7767
-2.5158	-1.5878	1.8679	-1.7048	-0.0553
-0.2762	0.0317	0.3864	-0.7529	-1.4748
2.3616	0.8939	-1.3537	-0.5067	0.2569
-0.4270	-1.7407	1.1566	0.2239	0.7397
0.4539	-3.0217	2.9156	-0.0543	-0.4623
-0.4216	0.2111	0.1637	-0.5782	-3.4874
1.2964	-1.1960	-0.9090	2.2998	1.6985
-1.2115	-2.3374	0.3970	2.3621	-0.6443
2.0365	3.7144	1.4781	-2.6187	-1.4212
1.8175	-0.6690	0.3036	0.7753	-0.7950
-1.6127	-0.2184	0.1252	0.9227	1.0462
-1.0197	-0.5621	0.9894	-1.3972	1.8449
0.0079	0.2924	1.6837	-1.2048	0.6514
0.2922	-1.5680	1.0323	-0.1798	0.5471
-0.3224	-0.7410	0.7745	1.2903	-1.7437
0.9625	0.2974	0.0157	0.1917	-1.8132
-1.2483	-1.4286	0.4771	-0.0275	-0.4947
2.3184	1.5862	-0.3061	-1.6241	-2.0325
-0.3938	0.4448	-1.3864	2.7533	2.3395
1.6633	0.3366	-2.0530	1.9077	0.7612
-0.6333	-4.3140	0.3328	4.4959	2.6216
-0.7202	-4.2795	0.7554	2.9449	1.8161
-1.3682	-2.3256	-1.1569	2.2475	-1.5260
0.1585	-0.1470	1.0217	-0.4748	-1.3955
0.3106	-0.8075	0.7498	0.0025	-0.0694
1.3309	1.2786	0.5972	-4.7364	-4.7581
-2.9290	-5.7771	2.3193	4.1589	1.3183
1.6342	-0.3294	-1.8668	2.0070	-2.0049
1.4964	3.8127	0.2237	-3.5790	-3.5574
-0.7712	-0.2738	-0.7842	2.1362	0.6805
0.2045	-1.4120	-1.2628	1.2044	-0.8350
-3.7413	-1.0306	1.0116	-0.8551	-1.4964
-2.4669	-0.9530	0.9551	-1.3832	-1.3739
1.3471	-0.2891	-1.6167	2.3193	2.1236
0.7849	1.6485	-2.5479	0.1621	1.0039
2.6775	2.3691	-1.9959	-1.3864	-0.7535
-1.1286	-0.3843	2.0624	-2.3921	-2.0680
-3.5623	-4.3790	0.2029	2.1408	1.8292
-1.4430	-2.6468	-1.9990	5.5507	2.1728
-0.3981	-2.4696	-1.4099	4.5839	3.1405
-0.6733	0.3305	-0.0749	1.6018	1.1625
-1.0991	-1.8050	1.5341	-2.6070	-0.8652
0.2462	3.2644	2.1103	-4.7098	-1.1722
-0.2305	0.3427	0.8048	-1.3291	0.2092
-2.9846	-3.4788	1.2336	1.1438	0.3252
-2.1723	-1.9643	1.4396	0.2345	0.5096
-0.4938	-0.1022	1.4832	-2.5525	0.5564
-0.5980	0.4501	-0.5574	-0.1566	-2.1237
-1.3721	-2.4757	2.0019	-0.0355	0.7702
-0.0950	2.1837	-0.4700	-2.9374	-4.1909
-0.1399	0.6485	0.2220	-3.3890	-3.1919
-0.7966	2.6223	2.5867	-5.2867	-2.2754
1.2587	2.1799	-0.3928	-2.0503	-1.7035
2.3274	4.3862	-0.8888	-1.9728	-1.0475
-0.4312	0.4096	0.7217	-0.5167	0.7530
-1.9896	-1.7105	3.1877	-2.2043	-0.1915
0.5466	2.1952	1.2914	-3.8004	-5.2245
-0.0350	0.9770	-0.1682	-1.4779	1.0800
-2.7168	-3.1020	2.9648	-0.8039	-1.3273
2.5092	4.1058	-1.9143	-0.5940	2.1817
-0.5422	-2.0676	1.5462	-0.4207	-2.2897
-1.1674	0.2045	0.5363	-0.8842	-0.5134
0.4901	-0.3653	0.4700	0.4068	-2.3788
-0.3711	-3.7828	1.8513	2.3238	2.7330
-0.3872	-4.3004	0.0582	5.0668	2.3996
-1.1575	-0.1964	1.4364	-3.4945	0.8843
0.0015	-0.5986	2.3620	-2.0364	-0.4973
-0.1758	-0.6516	0.6943	-0.0495	3.1182
3.8950	3.9059	-2.2166	-0.1221	-3.4084
3.2295	0.4054	-1.9863	2.6147	1.1168
-1.2265	-2.2496	-0.2595	2.9901	3.7200
1.3504	0.5235	-2.8427	2.3388	1.5170
-0.8966	-1.0602	1.4316	0.4115	0.2122
1.2345	-0.0053	-0.7311	1.0807	0.9827
0.6959	1.0917	-1.3062	-0.8041	-1.5169
1.2603	0.1541	0.8692	-2.5952	1.0962
2.8080	1.5169	-0.0189	-3.4261	-3.5408
-1.2473	-2.8648	0.2004	4.0040	4.3788
-0.5723	-1.6015	-2.6419	5.4422	4.2033
2.4298	-0.3920	0.2283	-1.8292	-1.3470
0.1334	0.8882	0.1800	-1.8464	-1.9517
1.4295	-0.8258	-1.1819	-0.5851	0.6895
0.1934	-0.2205	-1.5275	5.4286	2.7241
0.0703	0.3550	-1.9680	0.8280	-0.3803
-1.2148	-0.3573	2.6290	-1.8177	-1.8993
-0.3247	0.4898	-0.6105	1.1170	0.5376
0.9340	1.9028	-0.0803	1.0910	-0.8932
1.2865	3.2626	-0.3787	-2.0065	-0.5577
1.5002	1.6527	0.0418	-0.8276	-1.5616
-2.2997	-1.3724	2.8490	-2.5063	-1.5494
-1.0537	-0.8281	0.2258	-0.3947	1.7535
1.2580	-0.7039	-2.7527	3.5099	3.2447
0.4236	1.5250	-1.2203	-0.4235	0.0260
0.5373	2.3173	1.7624	-4.0688	-3.8282
-1.3178	1.5070	2.6028	-6.0681	-0.6912
0.0157	0.3457	0.1622	0.1344	0.4955
-0.4867	-0.3533	-1.4498	1.1478	2.2285
0.8075	-0.0786	-0.1504	0.6748	-0.2898
0.4661	1.5951	-0.9651	-0.7574	0.7573
-0.1896	-4.2016	1.0334	1.3469	-1.0075
1.7934	2.6635	-0.0621	-3.2073	-2.6341
0.9471	0.9409	-0.1920	-1.6141	-2.1128
0.9675	0.1239	-1.2891	0.3107	1.8164
0.4203	-0.6432	-1.4123	3.8031	2.3997
0.3861	-1.2128	0.4219	0.4917	0.0863
-0.2254	2.1719	-0.7984	-0.9063	0.4859
1.2230	0.1981	-2.8107	2.8375	0.2254
-2.3964	-3.2123	-0.1435	2.5934	0.1295
-0.0605	1.6680	-0.9087	-0.1532	0.9441
0.3508	-2.2231	0.3495	1.0479	1.4235
-1.0006	-0.4861	0.5944	1.2516	2.0175
-0.0444	-1.7641	0.5524	0.7725	-1.8731
0.5694	-0.8150	-0.6416	0.2561	-0.6378
0.5084	2.3749	-2.6854	0.6681	1.6792
-0.7196	-0.8167	2.1321	-1.2647	1.6414
-1.8479	-2.2543	2.4279	0.7662	-0.2878
2.0719	2.8195	-2.6224	0.6588	2.2898
-0.4171	-1.2084	-0.5847	2.0130	1.7885
-1.1302	-2.5674	0.7628	0.6105	2.6658
0.7501	0.4501	0.7967	-1.6399	-2.2184
-0.7977	0.6325	1.6712	-2.7367	-0.8800
-0.7277	-2.7577	-0.2614	2.8895	1.1673
-0.9920	-0.3928	2.6226	-3.3052	-2.1164
-0.0733	2.1274	-0.1528	0.0491	2.5223
-2.0851	-2.7576	2.8938	-1.4726	-2.6978
1.2225	2.2632	-0.1608	-2.3801	1.2346
1.1434	1.5872	-0.9508	0.6049	3.0325
1.1021	-1.0579	-1.5749	2.2960	1.7918
0.4355	-0.7258	-0.9009	1.3906	-0.6846
-1.3974	0.3984	-0.5512	-1.4654	-0.5620
-2.4742	-4.0178	-0.8554	4.3870	2.5122
-0.5587	0.8676	0.7702	-2.3470	-2.0125
1.7350	2.5122	0.8937	-2.4408	0.6576
0.5952	0.9683	-1.0547	0.9003	1.7306
-2.4122	-0.6270	-0.0819	1.4848	3.2685
1.1833	3.0594	0.5441	-4.3640	-2.0238
-1.0421	-2.5843	2.5971	-0.2987	-0.1636
0.0086	0.7160	0.6004	-2.7902	0.7452
-0.1601	-0.6626	0.6854	0.0273	0.3803
0.9116	4.9267	-0.2268	-4.6711	-3.6033
-2.2761	-0.0799	0.7188	-0.8384	0.5729
-0.0521	-1.4475	2.3325	-0.8383	-0.7684
1.7544	2.7594	-0.8111	-2.1674	-1.2130
-0.0642	-0.2026	1.4198	-0.9860	-1.8941
0.1229	-0.3039	-1.8148	0.9194	0.6667
0.4495	4.1047	-0.5328	-3.2264	-2.4009
2.6770	3.8540	0.1081	-4.3306	-3.4441
3.0998	0.7792	-2.7766	1.1728	0.6414
1.1105	-0.6186	0.9919	-2.0410	1.1889
-1.9062	-2.6641	0.1609	4.9404	1.4133
0.3265	0.4255	-1.5269	0.5753	-0.8164
-0.5634	-0.6300	1.9342	-2.1174	-3.5954
1.3644	-1.7970	-0.2859	3.2377	1.3386
-1.3887	-0.0930	1.7969	-2.9393	-5.8574
0.3282	2.2142	-0.6076	-0.8155	-1.3516
-0.5031	0.6295	0.1598	-0.0768	-0.8148
-0.2792	-2.2540	-0.0761	1.6427	-1.0948
-0.4535	-0.6099	0.6091	-0.7672	-0.2901
-2.1357	-4.1871	-0.2541	4.7141	4.6998
0.6081	0.2583	1.2134	-3.4054	0.7628
-2.1844	-2.1010	1.5100	-0.5863	-0.6825
-0.0735	3.5472	-0.2004	-1.7839	-1.1886
1.6685	2.6320	-2.2125	1.7860	3.1175
1.9157	1.5989	-2.5307	1.4690	0.4319
-1.8388	-2.7270	2.4494	0.6117	0.6135
-1.8643	-0.3803	2.7249	-4.3918	-4.6865
-0.1554	-1.4028	0.6924	-0.6332	0.9012
1.5636	2.5771	-1.0474	-1.6084	-1.0690
-1.3039	-1.4028	1.9625	0.0468	-0.5136
-2.0245	-3.9787	-0.3935	4.2305	2.5279
-1.6857	-2.2833	2.5845	-0.5183	-0.9502
1.0203	1.5514	-2.5610	1.2317	-1.1095
1.0723	0.1785	-0.5061	-1.6559	-2.7596
0.7445	-0.7319	-1.5038	1.2974	-0.2327
-1.6460	-1.2550	0.7878	0.3647	-0.1861
-1.6497	1.0204	1.3771	-1.8298	-0.0776
0.8773	1.4745	-1.6433	1.4143	0.8483
1.2881	-4.2286	0.9337	3.2549	2.4197
-0.6226	-2.0854	2.3096	0.0355	2.9626
0.0207	-0.3787	-0.0918	0.3310	0.0278
0.3952	-0.0711	0.1676	-2.1820	-1.0807
0.4057	-0.1086	1.3194	-2.7288	-1.4584
0.4131	1.8413	-2.5515	-0.4105	-0.2728
-0.1233	-2.1840	-1.0606	3.1123	-2.3429
0.2284	1.8798	-0.2652	-2.0175	-0.3275
2.3156	0.9707	0.9859	-2.4276	1.2598
-0.5640	1.3347	-0.4464	-0.3443	-1.6122
-0.1935	2.7038	-0.0918	0.4238	-0.6717
-0.1399	-0.3040	0.3527	-0.2471	-2.3562
-0.9575	-2.8853	-0.7868	5.4092	1.8727
0.3759	0.6605	0.6549	0.0550	-1.9979
-0.2637	-1.7004	-1.0580	3.1243	2.1350
0.2470	-2.7641	-0.4267	5.1748	1.9775
0.4897	3.7186	0.6724	-2.7297	-0.8268
0.3566	2.8067	-0.5878	-1.1302	-1.8915
1.2565	0.1796	0.0554	0.9198	-0.3612
-1.1155	-0.9851	-0.9897	2.8258	3.5596
0.4894	-0.5818	1.3305	-0.5488	-1.1873
-0.1613	-2.6984	1.3893	0.2786	0.3362
0.5223	1.7548	-2.9716	-0.3457	0.7951
1.8228	1.7023	-0.6243	-2.0085	-3.8389
0.1649	-1.7186	-2.2221	2.6349	1.3752
-2.0312	-2.3148	0.5651	1.1874	2.9999
0.6182	3.3032	0.6292	-3.6586	-2.4530
-0.1615	-0.3180	-0.5328	2.6101	2.3322
0.7854	3.0513	-1.4269	-2.9643	-3.6131
-0.1953	2.5478	1.2658	-3.9760	-2.7700
0.0417	-1.8868	0.4867	1.3217	1.4586
0.3994	-0.9961	-2.5849	3.7261	1.4477
-0.1833	-1.2612	-1.4277	1.6849	2.0447
2.1811	2.0081	-0.6290	0.5999	2.4369
-2.5278	-3.9469	2.8995	-0.1080	-0.9285
-1.6023	-2.0207	1.0771	0.0733	-3.8112
1.4662	2.0346	-0.9828	-1.1744	2.4948
-0.0574	-2.8755	2.8975	-0.3719	0.0686
-1.4439	-0.8588	1.1095	0.2335	1.1464
1.3036	1.5245	1.4927	-0.8642	-0.8603
0.8528	0.2523	0.9585	-1.2249	-1.8263
0.1807	0.0525	-1.4648	1.9684	2.2171
0.3489	-0.4219	1.5090	-1.6253	-0.3456
-2.5100	-3.9984	3.1753	0.7696	-2.2516
-0.7340	0.7885	2.3220	-4.6014	-0.6533
-1.4061	-2.2702	0.4228	1.2539	-0.4106
-2.9381	-3.0117	0.3210	0.8786	-0.4420
-0.0598	-1.2656	0.7284	1.4062	2.4502
0.1698	0.0081	-1.5054	2.9129	-0.6544
-1.5532	-2.5162	2.1936	-1.5004	-1.8255
1.8988	0.3381	1.3179	-3.0538	-3.0927
0.0507	-0.8741	-0.8586	1.6514	1.5036
0.3088	-0.8612	0.4326	0.6947	1.2203
-0.9542	-1.6430	1.5563	0.3782	2.5302
-1.9282	-4.5255	-0.7731	5.6565	3.7694
0.5853	0.3146	1.3520	-0.1601	-0.0037
-0.8049	-4.0184	0.4494	3.2962	1.2394
-0.0842	-2.0286	-0.0043	1.3877	2.0669
0.1917	-1.0509	-2.2948	4.0915	3.8571
1.0530	1.5619	-0.5795	1.3345	0.6975
-2.0861	-1.6694	2.1713	-0.2547	-0.0691
-0.1391	2.5597	-1.8963	0.1789	-0.4132
-0.0940	-1.6478	-0.5360	1.3741	1.2091
1.3091	-0.1799	-2.0073	2.7194	-0.0596
-1.7938	-0.8328	0.5131	0.4329	-0.1416
1.5979	-0.2264	-3.0860	4.3849	4.2932
1.8967	1.1542	-1.7556	0.3753	-0.3702
1.3435	4.0659	1.5880	-4.6241	-0.3292
-1.9423	-2.9483	-1.5990	5.9466	7.3230
-0.1637	-3.6860	0.5062	1.3029	-0.0981
1.5634	1.1678	0.0515	0.0341	1.8395
1.0348	1.5354	3.8072	-5.5615	-0.6128
-0.4415	0.2287	0.6240	-0.7812	-0.4071
-0.6453	-0.1938	0.1572	0.5911	-0.5497
-0.2727	0.5198	2.5442	-3.4522	-4.0002
-2.8637	-2.2437	1.3552	0.5383	-0.2269
0.9408	2.9056	-0.4562	-3.9705	-2.9622
1.5898	4.7156	-0.0097	-2.1111	-4.5014
1.7638	1.6906	-0.0525	-3.4600	-0.6894
0.8573	2.0110	1.0209	-3.4881	-3.5378
0.6697	1.8767	1.4156	-2.7956	-2.2734
0.2732	1.4620	1.0556	-1.4833	-0.7626
0.6588	2.6038	-1.0118	0.6771	-0.3539
-1.5352	-2.0798	0.3453	0.0931	2.8677
-2.5894	-1.5123	2.2981	1.6388	1.5674
0.8079	-0.3409	-0.4341	-0.1455	0.7105
0.1037	-2.2547	0.1795	1.4036	1.4166
-0.8210	-0.3403	-0.2577	2.2959	2.7124
-1.7538	-3.6400	1.5980	1.4037	-0.1230
-0.7813	0.0779	-0.0472	1.9743	4.8762
0.4502	-2.4592	-1.7431	4.6407	1.7049
-1.0804	-4.5150	-2.4872	7.5994	6.7951
-0.8292	2.8498	1.3889	-3.4911	-2.7423
1.5065	1.4788	-3.1465	1.2949	0.9503
-0.9972	-1.3913	1.8040	-1.4966	-0.2480
1.8222	1.0887	1.3355	-1.3867	1.3430
-0.6383	1.9159	0.1299	-0.7747	-2.2768
-2.2714	-1.8438	0.8746	-0.8076	-3.2223
0.7858	0.7975	-0.5358	-0.8465	0.1361
-1.7105	-2.4235	0.6506	1.4305	0.9543
2.4058	1.4045	-0.7665	-0.7700	-0.2299
-0.7577	-1.7701	-1.6858	3.1679	3.9202
0.0755	1.0493	-0.7376	0.7915	0.1927
0.0567	-2.0107	1.6029	-1.3916	-1.1255
0.8837	1.5538	-0.2215	-1.7818	-2.1167
2.1453	1.4260	-0.9335	-1.2846	1.1713
2.1907	4.5911	1.0325	-7.7360	-3.4272
-0.4498	-0.4614	-0.7362	0.4963	-0.8788
0.7309	0.5947	-2.2513	1.0530	-1.0504
0.2085	1.6604	-1.0105	0.2407	2.9634
-3.0947	-2.6315	1.3142	1.4318	2.0880
-1.7042	2.0214	0.0975	-2.9878	1.2962
-1.4822	-2.1183	-0.6288	4.0311	1.5970
-0.1968	2.4759	0.0028	-3.3232	-3.4711
-0.2933	0.5612	0.4136	-1.4373	-0.5569
-1.7471	-2.3040	0.2970	1.8797	-0.5529
0.8884	0.5707	0.7413	-1.2310	-2.8436
0.6371	-0.3362	0.6731	-0.6688	-0.6416
-1.4147	-1.0133	2.2255	0.0132	-1.3007
3.7605	3.6801	-3.5051	1.0854	0.5709
1.3473	3.4011	0.6047	-4.0328	-3.5314
-2.3659	-2.6405	-0.3536	4.1555	1.7586
-0.0747	0.6362	-2.0826	0.5005	0.7193
-2.2278	0.6865	0.1046	-0.4331	0.3993
-0.2445	-0.6677	0.2621	-0.0287	-1.0863
-0.3596	-5.9956	-0.6436	7.1428	3.8999
0.6831	0.0460	-1.8056	2.4254	2.2004
1.1591	0.3460	-1.2491	1.0985	-1.9212
0.6356	-1.1692	2.7310	-4.5501	1.0568
-0.2871	1.1875	0.6633	-1.4224	-0.4429
1.1614	-1.2820	1.5234	0.9320	0.9285
0.8675	-0.7362	-2.1888	2.5542	0.5663
4.5231	5.2177	-3.4647	-2.1237	-1.1195
-0.0264	-0.7916	1.3456	-0.8241	-1.2976
1.6681	3.9409	-2.0528	0.3241	0.8497
0.5631	-0.0335	0.5386	-0.2264	-1.3977
-1.0838	1.4606	0.9397	-2.3182	-1.2756
-2.3766	-1.5553	2.8562	-2.1315	0.1560
-2.3033	-2.0501	1.9850	-0.8789	1.2129
-1.7572	-0.0954	0.9390	-0.2302	1.3034
0.4722	0.1887	-1.3250	1.1743	-0.9392
-0.5702	1.8397	2.7871	-6.9518	-5.9340
-1.8055	-0.9687	-0.2950	4.0310	3.9002
-1.0266	-4.0475	0.1033	4.4067	3.7293
-0.6482	-1.3541	-1.0878	4.2359	-0.9791
-1.4117	-0.7785	1.4061	0.3672	0.2278
0.0137	0.7943	0.1749	-0.1383	0.1846
0.7584	-1.1582	0.4072	0.3549	-1.5775
-0.5631	-3.5271	-0.1990	4.0344	3.2141
2.0430	3.5200	-0.1595	-4.5523	-4.7862
-1.0500	-0.7430	0.8413	-0.6543	1.8531
0.7943	-0.6973	-0.9039	2.1883	3.8850
0.7025	-1.6198	0.7551	0.3177	-0.3993
-2.3266	0.2143	-0.5470	-0.0680	2.8050
-0.5539	0.2272	-0.7988	-0.1369	-3.2762
1.5242	1.4882	-0.7692	-0.4882	-0.1148
-2.6397	-2.8044	1.5314	0.1545	2.8123
0.1891	-0.6935	-0.0251	3.2308	3.2474
1.6202	4.8419	-1.5679	-2.4828	-2.4449
-0.1832	0.4342	-1.6706	1.7321	1.4476
-0.9004	-3.5538	0.0488	4.8927	2.7324
-0.6575	1.2926	0.2933	1.5091	1.7119
-1.8464	0.8815	-0.5856	0.8874	1.8554
0.8361	0.8251	-1.0136	1.4829	0.3060
-0.4507	-1.5117	1.2937	-0.6689	0.0259
-0.1687	-1.1248	-2.3179	2.4829	1.3329
-0.2908	2.2004	-1.5484	-1.1256	-1.3884
-2.1931	-1.5930	2.6096	-2.4673	-1.3956
-2.3560	-3.9620	0.7407	3.5407	0.0817
-1.2218	-2.4666	0.2808	4.9201	1.6232
1.7471	1.8902	0.5452	-0.2312	-2.1338
-0.4348	0.8198	-1.1557	-1.5815	-0.2652
3.2706	2.5888	-0.2377	-3.6054	-2.9237
1.8902	1.4330	-0.8757	-2.9075	0.4568
0.4580	0.9858	-0.0325	-0.4677	0.6299
-0.4715	0.5547	-1.2850	1.9513	1.0832
-0.4301	0.3389	1.8202	-2.6774	-0.4452
-1.4357	-2.3746	0.7712	1.0691	0.4412
3.3162	1.8896	-3.5620	3.4692	-0.9225
-2.1564	-1.3784	2.7428	-1.8373	0.6263
0.1198	0.5875	1.6451	-1.9417	-3.4685
-0.1072	1.1228	0.5800	-3.1413	-0.4465
0.4224	1.8724	0.0523	-1.9937	-2.0093
-0.0347	0.1182	1.3934	-2.1674	0.3621
-0.9965	-1.3826	0.7253	1.3532	0.9556
1.0995	-0.7010	1.6671	-0.8505	-0.7500
-1.5426	-1.4496	1.1181	-0.8648	1.2150
-2.4136	-2.3166	1.8461	1.2043	2.2060
0.0786	-0.0196	-1.4277	1.8083	1.5766
-0.7702	-1.8404	0.0007	2.3129	1.5907
0.0591	-1.6133	0.5936	1.0249	-2.2646
-0.4265	-0.7653	0.0872	2.2943	1.1929
1.4644	-0.2448	-2.3085	2.5447	2.5897
0.2731	1.8714	-1.5838	-0.0687	-0.4717
-1.6632	-1.0375	2.0557	-1.8914	-2.5108
-0.9190	2.9075	1.0227	-3.7557	-2.3885
-0.2072	0.2007	0.5002	-0.9562	-1.6795
-0.1152	-2.5353	-0.1693	2.0593	0.4927
-2.2333	-0.1194	1.2747	-3.2174	-4.1263
2.6154	1.9918	-0.4200	0.2025	-0.5788
0.1848	1.6141	-1.1387	-1.3609	-0.8651
0.4642	-1.5193	-2.3291	4.3339	4.1804
-1.1425	1.9916	-1.4326	-0.5732	0.8273
0.4225	1.2556	-0.6480	-0.1157	-0.1034
1.6465	-0.7594	-0.1252	1.3172	3.1468
-0.5121	0.2307	-1.8466	0.4540	2.2269
-1.5756	-2.8720	0.6175	1.3874	0.8614
-0.5720	-1.3234	1.0701	0.9243	-2.4823
-2.8068	-2.3760	0.8450	4.2758	5.9635
-0.7775	-0.6910	-0.2214	0.5649	-1.4048
-0.3918	3.0783	1.1928	-4.0145	-4.2374
1.7290	-2.1009	-0.2415	2.0431	3.9055
2.4548	2.0510	-2.0255	0.2594	-0.8693
1.3034	3.7411	0.1183	-4.4619	-5.1749
1.7456	2.1207	-0.9038	-0.6679	0.8254
-0.5198	0.0795	-0.5085	-1.3549	-0.8526
-0.1564	-0.5261	-0.2562	1.3247	-3.2289
0.0986	2.6711	-1.5921	-0.6596	-0.9803
2.4560	4.7499	-0.8037	-3.6317	-0.5883
0.9457	1.8920	-0.2422	1.6635	0.5706
-3.8226	-3.9179	2.2136	0.0055	-0.7469
0.3193	1.9415	-0.4721	-2.5810	-3.9160
0.3209	-2.9646	1.6524	0.7359	0.7990
1.1618	1.3919	-2.8032	1.8438	2.2751
1.4017	4.3661	-2.8866	-2.0467	0.2202
0.9848	4.6510	-2.7980	-1.7033	0.2698
-0.6794	1.6519	1.9445	-3.4026	-3.5548
-2.7861	-1.9770	3.6608	-1.3960	-1.7134
-1.6064	1.3346	2.1101	-1.9502	-1.6811
1.0055	-2.6765	0.6369	3.4651	1.8435
-1.1438	-2.0615	-0.5344	3.4878	0.1956
0.5651	0.5315	-0.8207	0.3826	-2.4248
0.5525	0.2687	0.8459	-1.3452	-0.6924
3.7587	3.0916	-2.0959	-1.4233	-1.6381
0.1574	-2.2996	2.6112	0.5440	-0.9233
-1.9536	-2.3333	4.8691	-2.4394	-0.3268
1.3095	2.9134	-1.0547	-1.5601	-1.8365
1.2080	-2.1501	-0.1061	2.2262	2.2890
0.2044	-0.0460	-0.3006	-0.8936	-2.5018
-2.7291	-0.9293	-0.1374	0.5188	-3.8167
0.6454	-1.4677	-2.1773	3.6304	5.3485
-1.3635	0.6168	-0.0121	1.2068	0.5768
-0.6046	-2.5571	-2.5759	5.8545	2.2925
0.3055	-2.7076	0.5728	1.4879	3.3327
-0.0737	-1.4042	0.7463	0.3197	0.3909
-2.0512	-2.7649	3.5189	-1.7343	-1.2023
-0.0401	1.8342	-0.3806	-1.7755	-1.6305
-1.2012	-2.1456	-0.4592	3.2560	0.7554
4.0516	6.1481	-1.3974	-2.4303	-0.8877
1.0769	1.2888	-0.6208	0.3391	-0.5023
1.4988	1.9392	-0.3790	0.4700	0.0704
-0.9122	0.4892	1.7821	-1.2782	-1.0812
-1.0849	-0.1652	2.3227	-3.4477	-3.2944
-1.3700	-1.9732	0.7620	1.8166	2.2802
1.6791	1.1891	-2.1219	-0.3504	0.6746
0.7679	-0.4253	1.1630	-0.9318	0.0190
0.0601	4.7814	-1.5851	-3.2592	-5.0923
-2.5749	-2.6236	1.4535	1.0609	-0.2619
-0.6895	-3.4512	-1.5735	3.4692	3.3483
1.4326	0.9947	-2.6323	2.3064	-0.4206
-2.0485	-3.0512	0.8942	1.3864	0.3991
1.5962	-0.5873	-0.8783	2.3742	2.9412
0.0744	0.2145	0.4909	0.6542	1.8490
0.0352	0.0031	1.9914	-3.4104	-3.8519
0.5506	1.3088	-0.4059	-0.4344	0.4732
-1.4668	-2.1368	1.5166	1.4539	-0.1608
-1.4405	-0.6072	2.4714	-1.1453	-2.3840
-0.8328	-1.6095	-0.3538	2.1532	2.6680
-2.5857	-3.7102	2.3863	1.9262	2.6559
0.1448	0.6350	-1.0914	0.1412	-1.5747
1.0002	0.7953	0.1422	-0.0882	-0.3779
1.1224	-0.6971	-0.0170	0.0193	1.8234
-0.7423	-1.2416	0.6292	0.5278	1.6368
-0.8644	-2.8373	2.3592	-1.2386	0.0706
-0.0606	1.7235	1.2825	-3.3494	-0.3715
-0.1345	0.8612	-1.3132	1.2064	1.7985
0.7685	2.4551	-1.2614	-2.0090	-2.0263
1.3297	0.9743	0.0821	-2.3328	-1.6488
-1.5661	0.1059	3.7984	-3.8201	0.4239
-1.2659	-0.0482	2.6914	-2.9549	-0.9940
-1.0102	-1.5225	-0.8061	3.9097	2.1083
0.5401	-1.3413	-1.3201	1.4608	2.6831
-0.0329	2.4229	-2.8541	1.6086	1.5860
1.7770	-2.3585	-2.5069	6.6919	1.6534
2.5730	1.8288	-0.1572	-1.3739	-1.7982
-1.1124	0.3042	-0.7531	0.2431	-1.5113
-1.1150	-2.8703	1.8227	-0.6202	-0.0174
1.6302	2.4593	-1.8485	0.1184	-1.6776
-1.4445	-2.3048	-0.6702	3.4900	1.7966
-0.2559	3.7681	1.8044	-6.6544	-2.4073
1.2532	2.0280	-0.1048	-2.2456	0.4173
-0.2646	0.6030	-0.1277	-0.2103	-0.8475
1.2896	-2.0904	1.0374	0.4534	0.9841
1.8482	3.9307	1.5992	-4.1134	-2.4729
-0.0472	-1.1388	-0.0865	0.8870	2.2749
-0.5782	-2.7378	0.8799	1.5386	0.5590
-1.0448	-0.1726	-0.5112	0.6106	-2.7490
-1.0380	-4.0749	1.3219	3.0004	1.6358
-0.7742	-0.7639	1.5298	-2.8830	-0.2349
1.5577	-0.1691	2.1497	-1.6089	-1.1647
-0.2635	-1.4943	-2.5550	2.2456	0.7465
-0.5909	-0.6835	4.0304	-1.8598	0.2050
-0.8505	-0.0045	-1.6633	2.0371	0.0083
0.7489	0.1901	-0.7936	2.1767	-1.7787
1.2750	1.0308	-2.2637	2.1793	2.4693
0.0464	1.3196	0.1131	-1.4272	-0.6839
-0.4357	-2.1609	1.7849	-0.4885	-2.1956
0.2688	-0.0243	-2.3194	1.9673	0.5058
1.8277	-0.4118	0.1226	0.4687	0.9080
0.0504	-0.7175	-0.6174	2.4412	0.9393
-0.2443	2.6807	-0.5205	-1.9133	-2.5654
-2.5143	-3.0027	2.7885	-0.4765	-1.2612
-1.2549	0.4367	1.4799	-0.6974	-0.9025
-0.5356	-3.2850	0.2958	3.3692	1.1443
2.4860	2.9544	-1.1953	1.1230	1.2513
0.9201	2.4399	-1.4345	0.3975	1.1503
0.0452	-1.1883	0.3983	1.4933	-0.6337
-2.3213	0.2510	2.4456	-2.1975	-1.1898
1.3872	3.0940	-2.4891	-0.1493	-0.8908
1.5487	-3.1067	-2.0415	4.4182	2.1158
0.5900	1.8950	-0.3827	-0.3877	-3.6947
2.0416	0.8658	-0.9302	-1.3302	-1.7888
-0.6114	-0.7222	-0.8400	3.4505	0.2698
1.0999	0.8079	-0.3690	-1.6541	3.3641
-1.0624	-0.8645	1.0690	0.6490	2.2167
-0.0979	2.3576	-0.2320	-3.0012	0.6266
-0.0221	-2.4231	1.3561	0.6460	0.9838
0.5934	-1.3523	-2.0423	2.1655	3.5100
-0.2473	-0.7460	0.6565	-0.2003	0.1559
0.5416	-1.0913	0.8225	0.7121	-1.9882
-0.4996	-0.8464	-0.2665	2.2189	0.4541
1.6274	1.1478	-2.0562	2.2405	-0.0771
-1.1300	-1.7519	1.7810	-1.0183	0.1586
0.5998	-0.2827	-2.4836	2.9591	1.7746
-1.5487	-2.7121	1.9540	-0.5847	-1.2736
1.7664	1.7581	-0.1492	-2.9596	-2.5149
-0.5580	2.1433	-0.4663	-0.7060	1.2503
-0.5939	0.7623	0.2081	-1.1182	-3.0207
-3.0985	-3.5178	3.1122	0.3540	-0.6135
0.1298	-0.0704	-0.4634	1.1054	0.7544
4.5197	6.1119	-2.5394	-2.5073	-2.4187
0.7568	1.4329	0.2705	-0.5608	0.0624
-0.0420	0.0958	-2.2239	2.9040	2.4119
1.6522	2.0931	0.0573	-2.2902	0.1942
-0.9897	-1.4914	-0.1648	1.5772	2.3067
-1.5433	-2.6286	0.9829	0.6711	2.3419
-0.5778	0.2099	1.6236	-1.0560	-0.0481
2.8386	-0.0174	-1.3872	1.7495	-1.2921
-0.3796	-0.8085	3.3394	-1.6533	-1.9781
-2.0524	-2.1965	-1.5599	2.6741	2.6618
2.0655	1.2532	0.1417	-2.0857	-2.7318
0.8347	1.3844	1.0292	-2.3168	2.5516
1.2080	-0.6123	-1.4521	2.3680	0.1760
0.8523	0.3479	0.1432	-0.5639	-0.1042
-0.1272	-0.3866	2.9885	-1.2345	-0.7652
2.3249	-0.0930	-1.9375	0.5731	-0.7701
0.1978	-0.9206	0.4830	-0.1790	2.6679
-0.2456	-0.1520	0.1293	0.3385	-2.5526
-0.6676	-0.3654	0.0645	1.4292	2.6189
-1.1084	1.3335	1.5705	-3.4388	-2.5032
-1.6194	-0.7332	1.1838	0.0341	0.9441
0.5329	4.4862	0.5099	-4.6877	-4.8260
-0.4622	-2.2194	-1.4934	3.0983	1.4239
0.9989	-0.4418	1.2830	-0.5434	0.0454
-1.7442	-4.0880	-1.4044	5.0399	2.3722
-0.4769	-4.5029	0.6733	2.6832	2.5510
-0.5053	2.8000	-0.9140	-0.9435	1.3155
2.0028	4.6082	-1.5879	-2.4536	-0.6956
1.1161	1.5821	-2.1819	1.7928	2.5714
2.3182	0.2131	-0.5587	-0.1507	-1.0566
0.0088	-1.2452	0.4308	1.0560	1.4858
-1.4930	-0.7455	1.5860	-2.1599	-1.8277
-0.1050	-0.0850	-0.0492	0.3599	-1.3397
0.5865	1.2256	0.4209	-0.3829	-0.4613
-0.4371	-0.0181	-0.8480	0.3927	-2.6665
0.6454	1.8890	0.3579	-1.4432	2.1783
3.0582	1.5432	-1.3375	1.1853	-0.9733
1.4106	2.4122	0.9685	-4.7931	-4.3931
1.2738	0.8338	-3.5957	3.1739	2.5066
1.5394	2.5186	1.4347	-3.6045	-0.8571
1.0739	0.0705	-0.2543	0.6066	0.9105
0.8100	1.9730	-2.0761	-0.8118	-1.6618
2.1629	3.2991	-1.8207	1.0551	0.5523
0.5258	0.2082	0.1931	-1.4689	-0.5616
-1.6469	-2.0285	1.4015	1.0095	3.5551
4.5189	5.3733	-4.4302	-0.2613	1.0490
-0.4339	-0.2738	-0.0698	-0.4577	-0.3539
1.5861	2.3010	-1.0593	1.8695	-1.3241
-0.5394	1.6432	-2.1158	2.3616	-0.6506
0.5893	-0.1252	-0.3561	-1.1854	-1.2035
-0.9758	-1.9381	0.4528	1.5872	-0.6914
0.1035	0.2951	-0.6352	-0.6803	1.6175
1.5356	-1.0049	-0.8292	3.9262	4.8527
0.2094	1.7955	0.7518	-2.0942	-3.1584
-0.2147	2.1687	-2.9350	2.3060	0.6496
-0.3888	-3.4229	-0.4939	2.5315	1.0220
-1.0336	2.4421	-0.6901	-1.2175	0.5598
0.2380	1.0085	-0.6673	0.3994	1.9665
-0.0024	-2.2628	1.4206	-1.1818	-0.9356
2.6559	-0.6255	-2.3598	3.4981	1.6891
-1.4499	-1.0768	-2.8698	2.7654	4.2445
-1.5307	-1.1252	2.0568	-2.5249	0.6366
-0.2526	1.9525	-1.2539	-0.1877	1.8022
1.2556	3.8792	-1.7982	-1.2300	-1.4324
-1.1021	-1.3090	0.3553	0.0659	2.0122
-0.6239	-0.2985	-1.6633	3.1612	-0.6686
-1.3730	-6.9116	2.8349	1.9380	1.8213
-0.5297	-1.7947	-2.1113	5.1437	2.1496
0.8773	2.4999	-1.6854	0.3996	0.8013
-2.7105	0.3063	1.1991	-3.2177	-3.2142
-0.5923	-2.3344	1.6854	0.9172	-1.8574
-0.2917	-0.4428	-0.4872	0.0117	-4.4913
0.6226	-2.2177	0.2504	4.0899	2.2635
-1.7733	-1.4544	0.8878	1.1839	0.2789
-0.1475	3.2329	0.5216	-2.7624	-1.1758
-1.7748	-1.9657	1.0577	0.0251	-0.0883
-0.7347	-0.2954	1.0675	-2.5863	-2.4220
-1.4571	3.5017	-1.6070	-2.0233	-2.3333
0.2573	3.0440	1.2435	-1.5719	-1.7546
0.3748	2.1064	-1.3715	1.1179	0.4657
-2.0034	-2.1910	1.7363	0.7150	0.6937
-0.6786	-3.6734	0.8331	2.4844	1.4373
2.6987	0.5813	-0.7951	0.4350	2.1166
-1.1722	-1.9148	0.7324	0.0545	0.8624
-1.1279	0.1074	-2.0276	1.0680	-0.3975
-0.5766	0.9775	-2.8005	1.5351	-0.7767
-1.7503	-0.1701	-0.2534	1.7307	2.0744
-1.0087	0.9373	-1.0241	1.2287	-0.7403
-1.0948	0.3068	1.6663	-1.0297	0.9529
0.1449	-0.5482	1.4859	-0.4366	0.8311
-2.4356	-1.1793	3.6106	-3.0812	-0.7825
-2.0597	-2.4607	2.5581	-1.4244	-0.1545
2.5234	3.2530	1.0153	-4.0191	-3.5271
0.8873	3.3884	0.2357	-3.3886	-2.2532
-0.6160	-1.8093	0.8808	0.9315	0.6915
2.0483	5.2906	0.2383	-6.4787	-5.7344
-1.3309	-2.6694	1.0032	0.7660	0.2379
0.9030	2.2253	-0.5485	-2.5849	-0.9990
1.2604	3.1780	0.7515	-6.0384	-2.4889
-4.3769	-4.6872	0.5511	2.9871	5.7580
-0.2350	-4.7787	-1.1602	4.8313	2.7812
0.9829	2.5097	-2.1663	-0.9964	0.7848
1.6289	2.5506	-1.6279	0.2081	-2.0031
-0.9681	-1.8325	0.7739	0.9930	0.1619
1.1617	2.8587	0.1958	-2.6243	-1.3593
1.4591	-2.8940	-0.7037	3.7645	-0.3587
0.7419	1.1147	0.1751	-0.8219	-0.3309
1.2717	0.7360	0.7313	-1.4258	-2.0711
-0.7396	0.1685	1.1546	-1.8256	-0.6242
0.6672	1.0650	-0.4543	-0.8188	-3.4538
-0.5118	1.5961	0.1757	-0.8008	-1.2568
-0.2985	-1.2117	-1.5094	1.6908	1.2429
-0.4567	-0.6828	1.3250	-0.2685	1.6542
-1.1768	-0.7716	-0.6387	0.7051	-1.1039
-1.2783	-2.3923	2.0782	-0.7874	-0.7611
-1.9732	-2.2612	-0.5029	1.5381	-0.2356
-1.9413	-1.5951	1.6912	0.0203	1.4217
-0.4396	0.3756	0.3195	-1.8791	-0.4383
3.5384	0.5802	-1.9310	2.1051	1.7234
-0.1984	0.8063	2.0308	-1.9869	-0.5660
-1.4226	-4.0257	0.9411	3.0756	1.0698
1.9524	1.3329	-0.5947	-0.8257	-1.7892
0.8671	0.3329	-1.5441	-0.1394	2.0778
0.7874	-0.2380	-0.0121	-0.1919	-2.7908
-1.3017	0.3387	-0.0941	0.1637	-0.5592
2.1518	2.3805	-3.7231	1.4480	1.2727
1.1739	-0.7715	-0.4407	1.3533	2.2744
-1.0733	0.0810	-0.6553	1.9530	0.6281
-1.5290	0.5863	1.3146	-2.7491	-1.0994
-0.7472	-1.8275	1.4774	1.5337	-0.6453
-1.5523	-2.0057	-0.0974	2.1414	-0.7050
-0.1877	-0.6736	-0.9124	1.7515	-1.9172
0.7055	-2.4143	0.8557	1.8440	0.2141
1.2139	2.1926	0.1512	-0.4916	-1.0633
0.1647	-1.1070	0.7580	-0.8564	-0.3062
-0.3054	-0.0426	1.1243	-1.8477	-1.2822
0.5089	-2.7695	0.7117	1.1140	2.6257
-2.8250	-1.8722	-1.6583	4.4608	1.9917
0.5721	1.9560	-0.7109	-2.6289	-3.9746
0.9388	-1.1625	0.4703	0.6547	-0.2176
0.1441	1.3460	1.3754	-2.3230	-0.4906
0.4516	2.4785	-0.0949	-2.2043	-3.0025
0.5193	0.8356	-0.2751	-0.3896	1.0475
-0.8730	-3.1175	-1.0448	3.1098	-0.5190
0.2154	2.9297	-1.0176	-0.2213	1.8233
1.3836	1.4413	-1.6588	-0.5425	2.4756
1.2857	-0.2329	-1.7068	2.7141	1.2964
3.7172	3.2142	-3.6594	0.3237	0.9621
0.4506	-1.3442	0.5093	-0.0044	0.8181
-1.6379	-3.3887	-0.0516	1.4244	-1.3610
-0.5451	-0.9236	-0.8169	3.4702	3.0788
-1.4225	-0.2453	0.0323	-1.1473	-0.6547
0.8142	1.7564	0.7463	-1.6838	-2.1250
1.5665	0.3240	0.4006	1.8960	3.8794
0.4285	1.5964	-0.6417	-1.1662	0.6314
0.4056	0.5863	-0.4277	0.3580	-1.7449
-2.1785	-4.6187	0.7428	4.2137	4.0799
-1.8709	-1.4521	0.1876	0.6996	-1.9067
0.6816	2.5149	-0.2725	-2.5600	-1.2346
-1.1006	-2.3420	-0.6853	1.7409	-0.7879
0.1216	1.1818	0.2677	-0.6538	-0.9500
-0.3964	-0.4759	-0.7353	1.7180	0.3201
0.2251	0.0180	-0.5841	0.7739	0.4689
-0.8276	-0.0745	-1.3535	0.6644	1.1046
1.3082	-0.6863	-2.4383	2.5635	1.6860
0.0152	-0.0054	-0.0523	-0.1314	2.0597
0.8418	0.5081	-1.3439	0.9996	-0.5469
2.4797	0.1108	-0.6891	1.5732	1.7726
-2.2240	-3.6269	1.7029	0.7914	0.8777
-1.1957	-1.4493	2.2084	-1.4174	-2.9487
-1.3609	-3.3422	0.8648	1.9631	0.5317
0.5048	0.3900	-1.7863	1.6492	-0.3690
1.7365	2.8380	-1.9610	-0.8140	2.4591
-0.8714	-0.2369	2.1541	-2.9732	-1.6948
-1.0814	-4.0635	-0.7057	3.8792	2.3335
-1.9219	-0.6131	1.8817	-1.3237	0.1008
-1.9073	-2.5997	-0.0810	1.1079	1.8855
-1.1983	-0.4903	-0.3397	-1.0531	1.3812
2.1195	2.3139	-0.8949	-1.9315	0.8561
1.4226	1.4710	-1.1227	-2.1542	-0.2282
-1.9427	1.9834	1.5451	-1.5036	-1.2113
0.7574	2.1400	-2.5748	0.0288	-0.4809
-3.0400	-6.1306	2.6226	3.8757	0.9669
-1.8493	-3.7135	0.3146	3.0835	1.0320
-0.8479	-1.4551	-0.4937	2.9609	0.2684
-0.1102	0.5433	-0.2182	1.1421	-0.0804
-0.4771	-1.9180	0.2938	3.3237	1.0460
0.0260	-1.4162	-1.4455	3.6264	3.1156
-0.8268	-2.1122	-1.1603	2.5627	1.2084
-1.0664	-1.6258	-1.5504	2.5418	-2.4138
1.4197	-0.6905	-0.4784	0.6610	-0.6909
-1.5021	-1.8876	1.6535	-0.7925	-3.1149
-0.3707	2.4410	0.8689	-3.1933	1.2440
-1.8382	-0.3347	0.8783	0.2043	0.6739
-0.2567	1.5630	0.0524	-1.6604	1.0832
1.2553	-0.0704	-0.9027	3.2133	2.5740
0.9415	0.6888	-2.0198	1.5367	-0.5012
0.1351	-1.5593	0.7336	2.7634	2.9920
0.7426	-2.4837	0.0858	3.5541	2.7095
1.6975	-0.1812	-0.5488	0.3972	-0.0204
-0.1615	-0.2108	0.5078	-0.2525	4.5621
-2.0262	-3.3561	1.2764	1.1149	0.5727
-0.6329	-3.1781	-1.2832	3.2739	2.7019
1.1700	0.0459	-1.3415	-0.0230	0.2691
0.4843	0.9891	0.4940	-2.1749	0.4419
-1.1682	-0.0672	-1.1357	-0.6381	-0.9680
-0.0777	-1.1750	0.2876	2.2528	3.1788
-1.9229	-2.3170	1.7353	1.3690	0.7291
-0.5257	-1.7092	-1.6597	2.6585	1.1261
0.3221	-0.8352	1.1218	0.6743	1.2292
2.8869	0.9261	-3.7578	2.2982	2.7546
-0.7547	-1.2466	0.4404	0.5390	0.9635
-2.2979	-3.6892	3.6198	-2.0431	-0.8189
-1.0001	-4.1632	0.3410	3.4149	4.5089
0.5248	0.1026	0.7706	-1.4377	1.3569
-0.1088	0.9832	-0.4895	-1.5023	0.2433
3.0454	2.1285	-1.0541	-1.2425	-3.6818
0.8674	-0.5649	-2.7477	3.7668	0.6793
-0.3626	0.7530	-0.2169	-1.3510	-1.9658
0.1737	2.6133	-0.8722	-1.8075	-1.4182
1.3685	1.8417	1.0763	-3.1809	1.0517
-0.3344	-0.0025	-0.2162	0.7032	-0.3445
-0.0412	4.4439	-0.3863	-4.0786	0.1209
0.3592	-1.2347	-0.5874	2.9888	0.7398
-1.9156	-2.5109	-0.8585	4.1041	4.4903
-0.7889	-2.9724	2.5319	-1.5494	0.0185
0.3473	-0.5411	-0.6177	2.8734	0.9779
-0.8553	-1.3234	3.3608	-3.5303	0.1713
