X1	X2	X3	X4
-1.0900	0.7020	-1.0010	0.6305
0.9753	-0.0074	1.0761	-2.3750
-0.0716	1.1252	0.1680	-0.7399
-1.2083	1.9245	-2.0682	0.2759
-0.1174	-0.1847	1.2259	-0.2650
2.2218	-4.8443	3.4895	-0.8565
-0.2089	1.4192	0.3197	1.5023
0.5006	-0.2772	2.0967	-1.9816
-1.2852	0.0731	-0.8476	1.6791
1.8722	-2.4401	4.1977	-4.2063
0.8941	-2.6381	1.4830	-0.0194
0.0120	0.8654	-1.3861	0.7360
-0.2562	0.4400	-1.6554	0.0011
-1.3587	1.8398	-1.8499	1.1080
2.2535	-2.3406	2.1120	-4.1602
1.6085	-2.0604	-0.4677	4.5905
-1.8228	0.9803	-1.6191	-0.2597
-0.5865	2.0967	-0.7598	-1.2009
0.9383	-0.6263	-0.2915	-1.1051
-0.8576	0.6174	-1.0390	3.1661
-1.5083	1.3886	-1.2546	4.3234
-0.5386	1.0624	-0.1146	1.5156
-0.7423	1.8258	0.8727	-0.4086
1.3512	-1.4684	0.8017	-0.8902
-1.5792	0.8155	-2.2616	1.7818
-1.8223	0.8485	-1.0058	-0.2161
0.2293	-1.0893	1.7045	-1.6349
0.3030	-0.8952	-1.9097	1.2845
2.5463	-3.6556	2.8598	-3.7812
0.4202	-0.4327	-1.1161	0.5072
0.7027	0.7484	-0.7606	2.6566
1.0784	-1.5652	-0.6119	0.8388
1.6851	-0.9671	2.2597	-2.4144
-2.1494	0.5791	1.5277	-2.2873
-1.4420	-0.0181	2.2233	-3.0601
0.9623	-2.3638	3.3956	-1.1979
-1.1958	1.5628	-2.0653	3.9522
-2.0945	2.7584	-2.4518	3.4959
2.4230	-3.8863	2.2600	0.0676
-3.1434	3.1654	-3.6987	2.6862
1.1528	-1.3366	1.7751	-0.9773
0.5044	-0.5288	-0.1883	4.7662
0.1268	0.3990	-1.8133	-3.0767
0.7961	1.0280	-1.6378	1.7308
0.1113	-0.5718	1.8345	-1.2475
-2.9021	1.8964	-1.6401	2.5649
0.2253	-0.8614	-0.8772	-0.6159
2.4881	-3.2648	0.9078	-3.6011
-2.2131	2.5043	-1.1844	1.8573
-2.5469	4.3247	-2.9273	3.6801
-0.3303	0.2663	-1.4422	1.6375
0.1301	-1.0919	-0.1882	1.2558
0.5932	-0.3746	0.4301	1.3789
-0.4480	0.7237	-0.1688	-3.2781
1.1805	-1.6336	-1.1342	0.1449
-5.7348	8.9318	-4.7774	3.2962
0.9855	-0.4985	0.3980	0.3797
2.6338	-3.3890	1.2142	-0.9318
1.7410	-1.0574	1.3531	-0.3637
0.5888	0.9060	-3.1398	1.3542
-0.7004	0.8317	0.1258	1.7372
-0.8239	1.3903	-1.8308	2.5732
-2.8089	4.0356	-4.0486	4.4886
-2.6094	4.1331	-3.1082	4.2127
-3.5301	3.7922	-1.2244	-0.0760
2.3613	-1.9740	3.3404	-2.5997
-5.2289	6.0495	-5.4062	2.8838
2.0040	-2.1515	3.5530	-1.3269
0.6377	-0.5926	1.3743	-2.2304
0.2704	-2.2372	1.4017	-2.4200
2.2817	-3.3915	2.4688	0.6209
-0.3039	1.7541	0.2298	-2.2415
-2.6792	3.8673	-2.6817	1.2021
0.0252	1.0187	0.0540	1.8806
-1.0506	1.4432	0.2670	-1.6632
-0.9783	1.7853	-0.8810	0.0840
2.9202	-6.2215	5.0290	-4.7955
0.4967	0.1130	-1.4306	4.5718
-2.9547	5.0248	-3.8556	1.2752
0.0265	0.0224	-1.6073	-0.6677
-0.7528	3.2199	-2.1427	4.6341
0.1364	-0.3022	0.2002	-1.1353
-1.1327	1.1132	-0.1359	1.7400
-2.1907	5.6550	-4.3916	4.8390
-0.7128	-1.0623	0.6621	-0.2906
-0.3692	1.4041	-3.3047	0.1088
-2.2932	3.8821	-2.6718	1.0170
-1.8851	0.2791	-1.4475	3.7933
1.5718	-0.9038	0.9818	-0.3332
-1.0513	0.1418	0.1523	0.8604
-0.6382	-0.6193	1.3287	-3.1650
-1.4796	2.0304	-0.0091	-1.1158
-3.2332	5.1954	-5.1936	5.6137
1.3012	-1.0980	1.3970	-0.0947
0.0229	0.9881	-1.1116	1.9801
2.3690	-1.1990	0.2022	0.2596
0.9074	-2.0274	3.9905	-4.5246
-0.6015	0.4815	0.1291	0.3774
1.2448	-1.7587	1.4784	-2.1623
-2.1992	2.3278	-0.4120	1.4942
1.1530	-2.2928	2.4347	-0.9512
-0.6984	1.3583	-0.7819	1.9138
-1.4287	4.0516	-1.8757	1.1006
-1.4580	4.0475	-1.9301	2.0246
-1.0540	0.6494	-2.1668	0.5312
0.8221	-3.0685	1.6854	-0.2097
1.6921	-0.7993	-1.4755	-1.4381
-1.9909	2.3811	-2.7287	-0.7869
2.0726	-2.7053	1.7090	-4.0177
-2.6480	4.3123	-2.8561	-0.1372
0.5074	-0.5903	2.2619	0.3193
1.6545	-3.5199	0.2476	-0.4944
-1.0355	0.8410	-2.1648	-1.2698
2.5394	-3.4784	-0.1098	0.2000
3.5382	-6.6119	4.9756	-4.6727
3.7158	-6.2100	4.0908	-4.3217
0.3725	-0.3199	-1.8884	1.3470
-1.2840	0.5753	-0.0107	0.0809
-1.2358	3.2912	-1.5626	2.0321
0.2544	-0.5628	1.6012	1.6727
1.3222	0.3004	-0.4623	0.9082
-3.4456	2.9455	-4.8205	2.9581
0.4833	0.9948	0.8167	-0.1030
-0.4469	0.4463	2.0501	-0.8238
0.7607	0.0655	-1.8798	2.5602
-2.4234	1.3072	-2.5409	0.4427
2.9850	-5.2064	2.2033	0.3741
1.0162	-0.9714	0.4169	1.0843
0.2099	-0.2891	1.4305	2.0278
0.1224	-1.7624	-0.8701	0.2907
-1.9964	5.3981	-2.2138	0.8448
1.1217	-3.1691	2.5213	-3.1642
-3.0153	3.9632	-2.2729	2.3591
-1.8858	2.6231	0.1735	-1.3379
-2.4615	1.4408	-1.7808	3.5102
1.0506	-0.9322	-0.1302	-2.9468
-3.5234	4.9808	-0.3089	0.0258
-0.2247	-1.6653	-0.5595	0.3912
-3.9930	4.8227	-2.5771	2.7147
-4.6587	5.8361	-3.4477	0.1261
0.8946	-2.2407	0.6980	-1.0153
0.9893	1.0781	-1.3372	2.1530
1.7438	-1.2918	1.9945	-1.3344
-1.2155	3.6731	-3.7130	-0.4757
-2.3642	3.8972	-4.1603	1.9331
-1.9872	1.9445	-1.4156	-0.1221
-1.3008	3.5923	-3.5751	0.4944
1.7242	-3.1833	1.3732	0.2472
0.6183	-0.4379	0.3346	-0.1718
-0.5472	1.7678	-0.4433	-0.2038
1.1722	-1.0002	1.0738	-0.8567
2.2836	-1.0116	2.0051	-3.6734
0.7720	0.1557	-0.6488	3.2384
1.9198	-1.4280	-0.8870	2.4429
-1.4364	0.4043	1.1115	0.1074
-2.4727	5.3127	-2.2432	2.7069
-1.1611	2.6512	-0.0119	2.8549
-0.4212	0.3691	-1.0256	-1.7569
0.2058	0.1710	0.0044	-0.2015
-2.1783	4.7534	-2.6275	1.6468
6.7077	-8.5984	5.8192	-3.2625
0.9011	-0.7036	1.1274	-1.6322
-1.9057	1.1766	0.9641	1.4560
1.1679	-2.7600	1.4512	-2.2898
1.7802	-2.2335	1.7346	-0.8743
-0.8994	0.6712	0.1166	-0.7219
2.5067	-3.8387	3.2250	-5.0992
0.2993	-1.2147	1.8962	-0.4666
2.0035	-3.7196	3.8175	-1.2268
0.4705	-1.0300	0.8779	-3.2260
0.7338	1.9469	1.9910	-2.4116
0.4932	-1.3459	1.3936	0.0645
0.3452	-0.8638	1.0184	-0.6732
-1.1385	0.3247	-2.7951	1.2168
-2.2179	2.1718	0.3669	0.8148
0.8757	1.1161	0.9324	-1.8629
1.0861	-2.2711	0.5488	1.7941
1.2754	0.4958	0.9060	-2.0120
4.2121	-6.2745	6.5894	-1.4398
1.6648	-1.5243	0.4118	-1.6482
-1.0071	0.2391	1.6285	-2.6830
0.0481	-0.5188	0.2764	0.5032
3.7995	-5.6557	2.7990	0.0031
-0.5356	1.3553	-1.4123	1.1974
-0.6964	0.7849	0.0793	-0.4092
-1.1570	-0.4206	0.2682	-0.4910
-0.5467	1.7940	-3.3012	1.7345
0.6126	-0.1582	0.9827	-0.1947
0.9807	-0.7914	0.9984	-1.9384
2.0600	-2.7681	2.8354	1.1211
1.5654	-2.7455	-0.4810	0.9567
-1.6577	-0.9398	3.0806	-1.5181
-1.5775	1.6468	-1.1509	0.1303
0.0312	-0.6440	1.2859	-0.7424
-1.7438	2.9344	-5.2466	2.6752
1.3552	0.0707	-1.0004	-0.2062
2.3020	-2.8418	4.1448	-6.8893
-1.0886	2.2666	-1.2338	-1.1473
0.1311	0.0016	-0.7682	0.9510
-4.7298	5.4501	-5.2314	3.8043
-1.4416	2.8645	-1.0849	1.2636
2.4353	-6.6893	2.9965	-3.4684
1.6311	-3.7167	4.5294	-4.6049
0.7129	0.3790	-0.5915	-0.9539
0.9853	-1.1985	-0.4103	0.1647
-0.2463	0.1348	0.3997	-1.8167
2.4677	-4.1649	3.6247	-4.5539
-3.1433	2.2769	-1.4351	2.2472
-0.5997	0.7878	-0.7083	3.3493
-0.2219	2.9956	-3.2567	3.3879
3.4457	-4.5597	4.4612	-2.6982
-0.9987	0.3857	-1.3589	0.8286
-2.3675	4.6713	-3.4630	2.4612
-0.3782	0.2420	2.8704	-1.0199
-1.7842	2.9929	-0.4335	0.1881
-3.5330	4.3402	-2.4082	-1.7555
0.7279	-0.9461	0.2986	1.5253
-1.0857	4.0381	-1.1630	1.5600
1.7275	-1.7774	-0.3628	-0.6869
1.5493	-1.0240	-0.4974	-0.8631
0.5943	1.0869	-0.9582	1.5274
2.8690	-3.2563	3.3611	-1.4471
2.9257	-3.0525	2.4868	-2.7332
0.4027	-3.5227	3.5266	-0.8499
3.3916	-4.9978	3.5416	-1.4827
-1.6987	3.0726	-1.3319	1.7633
-1.5557	3.4142	-2.8666	1.5640
-0.8027	-0.0695	-1.5131	-0.9153
0.0736	-0.7860	1.5578	-0.9551
-0.4279	2.2720	-0.2011	-2.0304
1.4023	-1.8293	1.3506	-0.4297
-2.7573	2.6795	-3.9001	4.2465
-0.4203	0.9734	-1.9729	-1.8064
-1.2864	1.6348	0.8188	-0.4216
-1.7385	2.0098	-0.9753	-0.0532
-2.2093	3.8695	-1.1137	1.4301
0.8066	-1.2087	0.2463	1.3244
-1.2140	-0.2062	-1.0578	0.1600
-0.6960	0.7994	0.4188	-2.1940
1.9200	-2.6634	3.0670	-3.0305
2.0592	-4.0635	4.5978	-1.3770
2.6652	-3.7128	3.3657	-1.5910
-1.6422	2.4859	-1.9821	4.0544
1.1868	-1.3394	0.8355	1.0453
0.6707	0.0650	-1.6489	-1.5324
0.0346	1.7347	-2.8984	2.5162
-0.4212	0.0139	-0.0464	-1.7907
2.0278	-2.7720	1.8203	-1.7754
-2.1878	2.7984	-3.7490	3.2679
0.8070	-1.3033	0.0881	-1.8347
-0.1077	-1.9024	1.7961	0.5247
2.1591	-4.9335	6.6325	-5.5053
-0.0300	-1.6648	1.8453	-2.5844
-3.3999	4.8242	-2.1158	1.7990
0.1480	-1.5725	0.8437	-2.6698
1.9823	-3.1753	1.5576	-1.1294
2.6089	-4.1521	3.4486	1.7335
-5.2560	6.6287	-5.6363	7.8463
0.3536	-0.5571	-0.9817	-1.2550
-0.8702	1.7194	0.8097	-1.0582
-3.6449	4.7141	-2.4439	-0.1028
2.5143	-3.3446	1.2600	-4.8624
1.2735	-2.2038	2.8952	-3.3995
-1.2572	-0.9776	-0.0843	0.8693
3.8312	-5.7975	2.6337	-1.9688
0.6265	-1.7849	2.2480	-2.5622
0.6790	-1.1334	0.1967	-0.6159
0.1081	1.3010	-3.5990	1.0454
2.1146	-0.9540	2.0404	-1.6243
0.0365	-0.6352	-0.7213	-2.6919
-0.4249	0.3460	0.9868	-0.4075
-0.2214	1.3200	-0.3962	-1.9658
-0.1918	-0.9431	1.4964	1.6336
1.6507	-1.0985	0.5365	-1.1206
2.1983	-3.1178	1.4616	-3.5599
-1.7563	3.2385	-3.6326	3.0152
-1.8454	1.1570	-0.7387	-0.3827
1.3343	-2.6883	2.7234	-1.6175
3.0179	-4.8692	2.9028	-5.2544
0.2580	-1.1953	-0.9440	0.1418
2.1201	-2.4369	-0.0939	-1.0381
-1.0192	1.7210	0.1855	-1.5238
1.1887	-1.0719	0.7239	1.0624
2.0584	-3.2305	0.9409	0.0083
-0.4827	0.0737	-0.5072	3.0439
1.1285	-0.9235	1.3424	-2.1210
0.9092	-1.0489	-0.6473	2.4011
-3.2417	2.5092	0.4515	1.4229
2.4782	-5.4602	1.2755	-0.0098
-1.3435	3.4335	-3.9148	0.1571
-1.1343	3.5711	-0.3768	-2.2037
2.0794	-3.1259	-0.0804	1.2884
1.7978	-2.5039	2.7636	-4.1771
2.2550	-3.7133	3.2286	-3.1313
0.9811	-0.9379	1.8958	-2.1474
2.6543	-2.8884	2.5257	2.8585
-0.8480	1.8336	-0.0115	3.5895
-4.2669	5.3205	-2.9371	3.5122
-0.5032	-1.2847	1.9429	-4.9289
-0.3978	-0.2867	-0.4268	-0.7667
1.0185	-1.4342	-0.3521	3.9628
1.4247	-2.8679	0.0886	-3.6574
1.9571	-3.7417	2.4144	-4.1091
3.4760	-5.0955	5.2131	-2.0376
2.4234	-5.5613	4.6510	-1.8474
0.7347	0.1590	1.4726	-1.6465
0.8615	-1.4356	0.7517	-1.0305
-1.6648	0.6204	0.3582	-0.9059
-2.6102	3.9292	-5.3447	4.0920
0.0467	1.3368	-2.4983	1.4298
0.9549	-0.8607	1.1120	-1.1449
-0.9611	1.4355	-0.3609	1.5203
-0.0266	-0.6147	0.7583	0.6576
2.2399	-2.7874	0.3019	0.1396
0.6104	0.7339	-1.7352	0.4178
1.2434	-0.7044	1.4070	0.3888
1.0704	-2.3040	0.3654	1.5041
-0.4596	0.2533	-3.3432	1.1173
-0.0919	-1.0365	0.2518	0.4114
-0.5351	1.0634	-2.2042	5.0104
-2.5041	1.1629	2.5200	-0.6230
0.1299	1.9460	-1.8787	1.6544
-1.2547	3.9004	-4.3475	2.1884
-1.3814	2.1247	-2.0662	0.2821
1.5703	-1.2382	0.8177	-2.1443
0.3177	-0.3730	0.1167	-1.8618
-0.7143	1.6336	-1.0752	1.2229
1.1660	-3.6279	3.1018	-2.1935
-1.5572	3.5015	0.4779	-0.3391
2.5459	-2.2746	2.1049	0.3450
2.1769	-3.0118	3.2306	-2.0353
2.2460	-3.6307	5.5391	-5.0131
-2.2455	1.0986	1.7277	0.8886
0.6324	-0.9586	0.1012	2.9919
1.0406	-1.5155	0.9363	0.2473
-2.8578	3.4910	-0.2807	2.5223
-1.0803	-0.2591	0.2334	-1.1981
0.4759	1.0451	-0.8835	-1.3310
-0.4207	2.2075	-2.1733	-0.0340
2.7382	-4.7871	2.8121	-3.6069
-3.5719	4.6522	-3.3314	1.8769
1.4440	1.4395	0.6249	-0.5312
1.0012	-2.3027	1.3425	0.5070
1.2121	-1.9153	2.2605	-1.8846
-0.3512	0.4190	0.1697	0.3158
2.9283	-2.3514	1.8289	-0.6127
0.5468	-2.3691	1.2139	-1.7248
-2.7752	2.6966	-1.2113	3.3508
1.3038	-1.0569	0.9502	-1.5312
-1.0035	1.5317	-4.9867	4.0461
1.6253	-2.3069	1.6264	-1.9175
1.0680	0.7962	-2.8005	2.5356
0.3356	1.6983	-1.0563	3.5371
1.3422	-2.2305	1.2191	0.2855
-0.3273	-1.9245	0.0748	1.8252
0.1452	-0.6099	1.3791	-1.1909
-1.4478	3.0632	-1.8047	-0.5578
0.8176	-0.8639	-2.1298	0.2753
-1.2815	0.0003	1.5293	-2.8635
1.0604	-3.6932	3.7445	0.2880
0.1834	-0.6681	1.2316	0.9439
-3.0338	4.2248	-3.3083	1.4648
3.2925	-4.5650	3.4848	-3.1683
2.4240	-0.7751	-0.1248	-2.0080
-0.9575	-0.8490	0.7004	0.6302
-0.7525	-0.8206	1.6034	-0.2371
3.1474	-5.7806	3.8650	-1.6480
-1.1947	2.2771	-0.8035	-0.7070
-2.0065	2.3593	-0.0920	1.6741
1.3797	-4.2628	3.6040	-0.3309
0.6721	0.0390	-0.8996	1.9658
-1.6735	2.0734	-1.2047	-0.0968
1.4036	-1.6025	0.7370	-2.4138
0.3113	-0.0068	1.9862	-1.6741
-1.8215	2.5950	-0.0463	-3.0314
0.9610	-0.1231	-0.0929	-2.2761
-0.4296	2.1091	-1.3728	-0.8612
-0.4915	-0.1205	-0.6505	0.4613
1.7835	-3.3021	4.1038	-5.6244
-0.5010	-0.1385	-0.4778	1.0001
2.3473	-4.5291	2.3209	-2.6532
0.4503	-1.2951	1.6791	0.5772
-2.1868	2.4629	-1.0664	-0.7359
-2.1028	2.3250	-4.4700	3.5411
-2.7144	4.7650	-2.1897	2.7530
-0.0413	0.5473	-1.5077	3.2899
-0.5073	0.0286	-0.9097	1.0293
-0.3151	0.0564	1.5943	-3.5562
1.9832	-4.3670	1.6846	-0.5051
-0.1265	-0.2920	0.4359	-2.3394
-1.6708	1.8447	-0.5476	-1.6043
0.9820	-0.9190	-1.8713	4.3085
-0.4160	-0.2254	-1.6642	-0.2492
-0.3266	0.4575	0.8529	1.9110
-0.8633	1.1502	-3.5805	1.2594
0.8169	-1.5419	1.7886	-1.6153
-1.8050	-0.4300	0.3783	-0.3982
-2.6035	3.1410	-1.1079	-1.8392
1.3200	-1.5188	0.2214	2.6136
0.5824	-1.0258	1.8195	-0.7269
-1.9800	2.8568	-2.5627	2.1322
1.5593	-3.2141	3.9718	-2.3569
0.6032	2.0693	-1.6617	-0.6860
-1.1488	-0.3849	-0.3694	-0.4872
0.9376	-0.4751	-1.2248	1.8626
-1.5874	2.2718	0.1958	0.5979
-1.9156	3.3890	-1.0979	-2.1727
2.4691	-4.2285	1.8238	-2.6738
0.0166	-0.6289	-1.6618	1.8493
-0.8073	1.8931	-2.3469	-0.2570
1.3514	-1.1593	0.6891	-0.5524
1.1358	-2.2162	0.8506	-1.2774
3.0605	-6.0286	3.9440	-1.4995
0.9090	-0.4415	0.2407	1.7577
-0.6603	2.0587	-1.8735	3.0799
0.9248	0.3771	1.8815	1.6127
-1.7751	4.0731	-1.4415	3.3666
1.2626	-0.5517	-0.0148	-1.5493
0.7294	-1.5001	5.3080	-4.0655
1.5125	-1.4047	-1.5979	0.8999
-1.0162	0.4780	0.8544	-0.6338
1.4069	-0.9963	0.5220	-1.0498
0.0706	-0.7243	-1.2136	0.6513
0.0118	1.7826	0.5564	-1.0101
-0.4757	-0.3423	-0.8140	-1.2068
-1.3822	0.2538	2.4522	-2.1863
0.0792	0.4009	1.2876	0.2220
-3.3938	5.1413	-5.4668	2.1053
1.1362	-0.1089	-0.2805	-1.0752
-0.9984	0.8605	-0.3897	0.7427
0.4009	-1.2165	-1.6150	2.8729
-2.4979	3.0966	-1.1048	2.7158
-2.4306	4.7759	-2.5495	0.9799
2.1501	-2.2842	2.1717	-2.1504
-1.1137	2.3072	-0.9840	2.4801
-1.0093	3.1891	-1.6972	1.8972
1.0123	-1.2481	2.2432	-4.2394
0.5678	-1.9080	0.4957	-1.9011
-1.1475	2.0122	-1.6535	0.1492
1.6208	-2.1496	1.0100	-0.4237
1.6926	-1.6242	-0.8967	1.3610
-0.8179	1.5342	-1.4107	2.6162
0.9114	0.0543	0.9264	2.4302
-1.6727	2.8283	-1.4601	0.9702
0.2734	-0.8439	2.1470	-0.6261
0.0443	-0.3582	1.7375	-1.2375
-1.8790	4.2280	-3.4589	1.4625
1.0886	-0.8534	-0.2343	-2.0556
-0.7961	-1.4788	-0.0393	-2.5669
2.6049	-3.7579	2.8162	-1.7324
-0.9983	1.6051	-1.7941	0.2679
1.8902	-2.1899	2.1966	-1.3463
-3.4214	3.6293	-2.6913	3.4523
1.7781	-1.6748	1.2039	-0.9991
-2.9451	3.5319	-2.4987	-0.7302
0.9390	-1.4322	1.8525	-2.8930
-0.1423	0.3619	2.1269	-3.7712
-0.9506	2.0603	-0.8798	0.8810
-0.6649	1.7907	-0.2783	2.7082
0.8345	-1.4114	-1.5451	-1.1841
0.8416	0.0118	-1.6991	2.5737
0.2610	0.6620	1.5284	-0.4309
0.6651	-3.4939	0.9922	-2.5448
1.9326	-3.9649	2.3591	-1.5438
-0.4032	2.0720	-2.1272	0.6975
1.2733	-2.4220	1.9593	-2.4888
-2.1227	2.7953	-1.4768	3.5187
3.7303	-3.9749	1.8657	-0.3089
-0.2127	0.2082	1.1049	-0.7540
-0.1577	0.0742	1.4669	1.0705
-1.0820	2.6280	-0.5105	-1.4076
-0.3602	-0.9863	0.1732	-1.1650
1.0607	-0.6782	-0.3550	-1.7433
1.3560	-2.4044	4.0120	-3.8478
-3.3162	3.7079	0.1314	-0.7974
0.8090	-0.6697	-1.3352	3.8430
0.7376	0.2161	-1.0504	0.9077
-1.8278	2.4828	0.0569	1.9981
-0.8607	1.5036	0.5660	-1.6403
-1.0952	2.6776	-2.0192	-1.2558
0.7885	-0.3211	0.7815	1.7303
-3.2768	5.5844	-4.4398	4.1887
0.6617	-1.7350	0.6209	-1.0745
-2.2710	2.5003	-2.1394	1.5077
-0.4693	0.4201	0.4471	-1.5821
0.7434	-2.5690	0.9093	-0.9086
-1.4229	2.9913	-1.4544	0.4889
-1.5150	1.8250	-3.4217	0.5995
1.8356	-1.1636	0.2673	3.3280
-1.2275	1.7639	0.3961	0.8939
3.3563	-4.1276	2.3028	-1.4136
0.4958	0.3435	0.9711	-1.7145
1.9937	-2.5598	0.3268	-0.7499
1.5696	-3.0712	1.0593	-0.1477
0.6775	1.9679	1.0086	1.7171
-1.3810	2.4189	-2.1483	-0.0203
0.4674	-0.9928	-0.3510	0.9079
1.9358	-3.3704	2.4630	0.0906
3.4962	-4.9384	1.5484	-1.9419
-2.0586	3.9324	-5.3344	7.1554
-0.4168	1.1571	-2.9138	1.2333
0.4311	0.3651	-0.0478	2.4457
-1.4001	1.6733	-1.3277	-0.6301
-0.5681	2.7337	-2.5014	1.1394
-3.2774	6.3466	-4.5821	0.9299
1.4720	0.2139	-2.8939	1.5468
0.9113	-1.4944	0.7225	0.0178
-2.6031	4.1277	-3.3743	3.1864
-1.8454	3.5137	-4.3429	2.2706
-2.4773	3.3929	-4.2474	3.8898
0.8567	-2.0278	2.2026	-2.5945
1.5364	-1.7663	1.9983	0.1438
0.2370	-1.0952	1.0202	0.6644
-0.1614	0.5217	-2.7830	5.7433
2.3362	-3.2806	0.1642	0.2210
-0.1898	-0.5339	-0.6074	0.0754
-0.9003	0.2863	0.5400	-0.1403
-0.0166	-1.1185	-0.3990	-1.3437
1.2560	-3.3147	2.9521	-3.7248
2.3244	-3.5451	0.7979	-0.2893
-0.8779	0.0251	1.9283	-1.9232
1.9250	-2.1313	2.1332	-2.8456
1.7201	-3.2695	2.9131	-2.6163
0.7596	-0.2490	-1.2349	1.2033
-1.5992	3.1100	0.1082	-3.0093
-0.2541	0.9101	-3.9552	1.1286
0.7130	-2.8651	1.5903	1.0326
0.6766	-0.6547	-0.2474	0.3929
-1.6432	3.9385	-1.0241	-0.2330
-0.4408	-1.1395	2.6549	-1.7223
-0.1071	0.6903	-1.6576	-0.5475
-0.0114	-1.1852	0.9760	0.4618
-0.3380	-0.5095	-0.2835	1.8059
0.8454	-1.1546	-0.4014	1.2588
-0.2374	0.7670	-0.7263	1.6838
2.3567	-2.8675	1.4035	-0.0492
-1.2768	1.2499	0.7270	-3.9904
3.3866	-4.4117	2.5137	1.5154
-0.6374	2.0809	0.6960	-0.1506
2.1132	-2.8596	3.7121	0.6604
-0.1725	-1.5758	1.0722	-1.9899
-1.4375	1.3973	2.2079	-2.1502
-1.3858	1.3237	0.5400	-0.6116
-2.1444	2.9371	-2.8709	0.0533
-1.4075	2.0908	-1.2895	2.4425
2.0539	-4.0151	4.4162	0.1400
-1.5983	2.8727	-1.9664	1.7177
2.8714	-4.4406	2.2324	-5.6920
0.6608	-1.2968	0.4926	-1.3594
0.2265	1.2669	-2.7780	2.6726
0.1477	0.3428	-0.8948	-0.8485
-2.4724	4.0512	-1.5994	1.7774
-0.2730	-1.0163	1.4474	-3.5532
1.1559	-1.4453	0.5985	0.5235
0.4427	0.5535	1.1643	-2.7164
0.5666	-0.8211	1.0077	3.4879
-0.0231	0.8827	-1.0617	-0.3651
-0.7628	1.6556	-0.2797	-1.3479
-1.9997	1.8147	-1.1891	2.4071
-2.6363	3.6448	-3.3742	1.0443
-1.3767	0.4313	-1.6227	1.3824
1.6429	-1.4162	-1.3247	-0.8525
-1.3132	-0.2357	0.6538	-0.2497
0.4154	1.0370	-0.9801	3.5181
-0.2566	-0.7893	-0.2257	2.7240
-0.6877	1.4002	-2.9951	0.9035
-0.0231	-1.7146	1.6151	-2.7442
-1.0659	1.0261	-0.7140	-1.0691
1.5397	-1.7437	2.5044	-3.0546
4.2368	-4.9766	5.3573	-6.3826
-1.2585	0.2122	0.3837	-1.2266
0.3982	-3.0785	2.3723	-3.2200
2.1463	-3.2685	3.2932	-1.8343
-0.0647	-1.4213	-1.1823	0.9139
2.6447	-4.3465	2.3848	-3.9587
-1.9526	4.9976	-1.6889	-0.5997
0.1990	0.0961	1.6128	0.4050
0.1764	-0.9440	0.1530	-2.0368
-3.4204	4.9875	-2.8102	0.9009
1.9929	-4.4909	3.0770	-7.1560
-1.2281	1.9378	-0.5286	-1.7820
2.2174	-3.8080	3.3064	-3.5737
1.2011	-2.4105	2.6499	-3.4340
-0.8248	1.6551	-0.3054	0.5060
1.2722	-1.7053	3.6538	-1.1343
-0.7326	1.1873	2.5334	-1.7431
-1.9787	1.8636	-1.9374	2.6812
-0.1082	-0.2865	1.3948	-0.8663
2.8458	-2.3345	-0.5997	0.3648
-0.1704	-1.4838	0.2094	0.8450
0.9409	-0.8251	2.1245	-2.3654
-3.5908	5.2481	-4.4655	3.2330
0.0430	0.5639	1.1362	-0.6020
-0.6883	2.0468	-1.6201	4.7797
-1.1626	0.4387	-0.9056	0.7308
1.0973	-1.2028	0.3617	-0.9746
-1.0538	4.0708	-4.3558	4.9951
-1.6591	3.2622	-0.9648	0.1864
0.1235	-0.8777	2.9949	-0.7093
-0.9435	1.1575	-1.4956	0.9932
-0.3312	4.0587	-3.1710	3.1142
1.0668	0.0938	-0.6088	0.8947
1.2272	-0.2389	-0.9800	2.2638
1.2629	-1.5627	0.1846	0.7614
0.1628	-0.3513	0.2389	-2.0619
-1.1090	0.7156	-0.5224	-1.1571
4.0992	-7.4618	4.6826	-7.0377
0.6436	-1.5257	1.0065	2.4243
-0.2089	1.5767	0.8713	0.8575
-1.2635	1.8723	-3.8154	3.0404
3.5878	-4.7729	2.3068	-1.0712
-0.2301	0.2900	-1.4258	2.4218
1.1029	-1.9623	1.8677	-0.0401
-0.4229	-0.9332	1.0056	-3.3888
-0.0726	-0.5524	2.1742	-3.3476
1.0923	-0.9266	0.6573	0.9386
0.9944	1.1793	-0.6315	-1.6044
-0.3975	1.1411	-0.5557	-1.7210
-2.6711	2.2818	-2.9216	0.0625
1.7141	-1.7526	2.1493	-0.3793
-0.1717	-0.1260	-3.4244	0.1543
1.4601	-1.4186	0.5472	-1.2244
3.1626	-4.3679	5.0693	-5.3153
1.4400	-2.1011	1.3476	-2.4058
-0.2190	1.6387	-2.2434	5.9233
-2.1115	2.1260	-4.4432	1.1573
-4.1488	6.8225	-5.0869	5.0017
1.4245	-0.8541	0.7167	0.5784
4.8551	-6.1749	4.6590	-3.9562
-0.0708	1.7503	-2.3181	4.9543
2.1805	-1.9256	2.7581	-1.9166
3.2436	-2.6140	1.6178	-0.8281
-2.1353	3.1085	-1.3678	1.5000
0.3014	-1.5068	-0.2148	1.0061
0.4264	0.3321	1.8270	-2.9679
-0.3524	0.2858	0.6507	-0.0002
-0.2313	-0.8263	-0.6248	0.6938
1.8945	-3.3462	4.6625	-2.2109
0.5801	1.6233	-2.0298	4.1418
1.0208	-0.8429	-1.4348	-0.8033
0.1698	1.2046	-0.6420	2.6247
1.1166	-0.5799	1.6047	-1.8165
-2.4276	1.6753	-2.2009	2.1769
-0.4621	-0.8289	1.3050	-1.1801
1.1003	-0.7507	0.6983	3.8407
-2.9348	1.4070	0.9557	1.5990
-1.2595	2.5839	-0.0906	-1.4529
-1.4302	1.4269	-4.0040	-0.3571
3.8791	-4.1095	3.8168	-6.2184
0.1025	1.3120	-1.8457	2.8259
-0.7135	1.9147	-1.7530	1.4849
-0.8661	0.7347	0.0848	-0.3501
2.0070	-1.9013	1.2305	-0.1666
0.2362	0.6444	2.0550	-2.8106
-0.2277	0.3485	-0.3205	-0.4129
0.3093	-0.7866	0.0744	0.3211
-1.2844	1.5033	0.7932	-0.2718
0.2397	-2.4954	1.2031	-0.7917
0.1087	0.2118	-0.9795	0.1218
-0.2526	1.9954	0.5358	1.5486
0.6327	-0.7370	1.0742	-4.9349
-0.3905	0.3449	-0.6705	3.4781
2.0921	-3.9816	3.1537	-2.6303
1.9001	-2.6302	4.4552	-5.2211
-0.1103	-0.0216	0.1779	1.5178
-0.6161	3.4602	-3.7431	-0.4778
1.7957	-2.3945	1.8503	-2.3394
-0.4459	-1.4958	2.4628	1.0894
0.1516	1.6539	-3.4505	3.7447
-0.4750	1.6043	-3.2748	2.3154
-1.5244	3.2309	-0.8765	1.6157
1.8608	-6.9307	5.8139	-6.6464
-0.0927	0.2326	-2.5053	1.1516
-1.4494	2.6426	-0.2491	2.3426
3.5468	-4.4077	4.6819	-3.4005
0.5225	0.0873	-0.2371	-2.7413
1.7357	-2.3195	1.6259	-2.2460
1.4716	-1.9525	-0.8040	-0.7493
0.2971	-0.9877	0.3670	-1.2802
-1.9396	1.0106	-0.2404	-1.1892
1.0997	1.0403	-2.3510	3.8877
-0.2247	-1.1363	0.3188	1.6240
0.8247	-1.0204	-0.5899	1.7700
-1.8540	1.5840	-3.2960	0.1129
-1.4198	0.6306	-1.2670	0.8721
-1.7310	2.4145	-3.1544	2.2940
-0.8353	1.6364	-2.7729	2.6443
-0.2897	0.6140	-2.1460	-0.7876
0.7914	-2.7810	1.4900	-1.1980
-4.1019	5.9892	-6.8134	4.2138
-0.5339	1.0234	0.1425	-0.5136
1.3446	-1.8769	0.7677	-0.8951
-0.9499	3.1184	-0.7719	-1.2147
-1.1475	2.6028	-2.3317	1.1433
-0.2062	-1.1469	3.4937	-1.9062
0.2772	0.6020	-2.6937	0.2347
3.4986	-5.5072	4.3739	-1.6358
0.2941	0.5346	0.4540	0.4593
-0.1242	-1.0397	-0.6652	-0.9404
0.5710	-0.7745	-0.2705	1.0908
-0.4038	-1.0506	-0.0250	0.2840
1.2326	-1.1179	0.6415	3.3723
0.4547	1.6919	-1.9841	-0.7070
-0.1828	-1.7248	1.8417	-4.3951
-1.3410	2.7061	0.0560	0.3357
-0.7204	0.2881	-0.2452	1.7364
0.1451	1.2196	-0.8318	0.3855
1.2599	0.0647	0.0332	0.5144
-0.0635	1.6113	-1.4286	2.2698
-0.8989	0.7682	0.4676	0.0960
0.2500	-0.7643	-0.0614	1.6907
0.8116	-0.2115	-0.7260	0.0617
2.0919	-3.6133	1.4912	-1.9217
2.1941	-2.8912	1.5150	-0.9064
-1.8914	4.3030	-1.5844	3.2819
1.5834	-2.3762	2.1190	-1.6414
-1.5385	3.1096	-3.1794	0.7403
0.7907	-1.4693	-0.8390	1.8655
-2.5275	3.6909	0.0851	-0.9640
-0.6223	2.3442	-2.5934	5.9819
0.1819	1.1218	-0.2446	0.4111
1.8300	-3.6296	1.3749	-1.6477
1.8891	-3.2785	2.3827	-0.3021
2.9471	-4.5891	2.9364	2.8915
-0.2555	-0.7282	1.5609	-0.4774
-0.2466	-0.0108	-0.6169	1.0377
0.5199	-0.2179	1.9092	-0.2896
-1.6583	2.0257	-3.6025	2.5196
1.1440	-2.3990	1.5525	-1.4829
-0.3222	0.0137	-2.0799	3.7855
-0.2762	0.5465	0.0090	-0.5733
-0.9707	1.9340	-0.4506	0.8483
-1.7554	2.8878	-3.3775	2.6279
1.0002	-1.9150	2.1717	-3.5622
1.9198	-2.4457	1.8310	1.3853
-2.1114	4.0411	-2.9991	4.3427
0.4696	0.1787	0.2097	0.5747
-1.0170	0.4186	0.2125	-1.2098
0.2543	-1.8581	0.8080	-1.2704
-0.5188	1.4851	-0.1672	-0.0364
-0.2363	-1.4159	0.6137	-0.6576
-0.3346	0.9183	-0.4890	2.3744
1.6403	-3.7174	3.1576	-3.6328
-0.7413	1.3192	0.2516	1.7977
1.2935	-2.5978	1.8363	-2.0419
-0.5215	0.9413	0.1162	0.4492
-1.6242	2.3168	0.0903	-1.3101
-1.2568	0.8161	-2.0507	1.0183
0.9187	-0.6627	0.7200	2.6387
0.9864	-3.1636	0.9254	0.2961
2.3889	-4.5698	3.2293	-2.7131
-1.7067	2.0460	-3.0723	1.1502
1.1388	-1.9816	1.1526	-1.5554
-0.3920	2.4358	-0.6155	0.5625
-1.8825	2.5513	-0.4896	-3.1118
1.6853	-4.0454	2.7298	0.4027
-2.0988	3.3934	-1.3767	0.9050
-1.2704	2.0068	-1.6652	-1.0216
-0.2885	-1.1837	-0.8939	-0.7224
2.3683	-4.4616	4.0005	-1.3123
1.7691	-0.2226	0.6268	1.0731
0.5896	0.4490	3.1005	-3.1237
0.4228	-1.7472	2.0891	0.4033
-1.7955	3.1510	-1.7674	2.0881
2.4847	-3.5130	2.4446	-0.4069
-3.3482	2.5148	-1.5921	-2.9196
-3.4379	6.0661	-4.2876	1.9548
-0.5360	-0.3756	1.9567	-3.6211
-0.2472	-1.1594	0.8571	-2.5802
-2.0752	2.3663	-1.3541	0.2388
1.5642	-2.2119	2.0732	-1.6247
1.7296	-0.2041	1.1010	0.1398
3.9610	-4.8667	4.4228	-1.5343
-2.0695	3.0284	-2.9496	3.0810
1.5018	-2.2562	-0.5523	0.0616
-0.6183	0.7763	1.5869	-4.6849
-1.2221	0.2261	-3.3640	3.5412
2.7101	-1.0966	1.1313	0.3147
-0.8781	2.2137	-3.8073	3.9269
1.7141	-2.0729	0.5598	1.2045
2.3888	-2.0931	3.9440	-3.7996
-1.0849	2.3981	-1.7999	3.0656
-0.4383	1.2743	-2.0390	-1.8611
0.5260	-0.6056	-0.5337	-0.8356
-3.3395	7.5858	-7.1056	6.7210
-1.3720	2.5739	-2.0373	3.0435
-3.2173	4.5064	-5.5739	2.2760
-0.9211	0.6790	-0.7887	-0.4795
-3.4521	4.0135	-2.3831	-1.5525
0.2334	0.0209	-1.4363	0.5307
0.2051	0.2924	-2.0653	0.5229
-2.3372	1.9558	-1.9614	-0.7905
-0.5103	0.8747	1.6164	-5.2990
1.4265	-1.4329	1.3139	-1.2606
0.6899	-0.3550	0.8370	-0.6842
1.4406	-3.3226	0.8486	2.7026
-0.3213	-0.2226	-1.4243	3.1334
-0.9383	0.8586	-0.4510	-0.6514
1.0722	0.3533	-0.8133	2.3059
-0.4449	1.7347	-0.8885	2.5464
1.2098	-1.0579	2.4587	-2.3556
-0.5972	1.7325	-1.2141	0.6929
1.8557	-2.2163	-0.7773	-3.2109
-3.9633	7.0493	-4.0517	4.0580
2.3499	-2.4360	-0.4699	0.1907
-2.2090	3.9579	-2.7447	2.5630
2.0409	-1.3890	0.5305	-0.7100
-1.5530	1.4462	-0.8494	-0.0225
-0.8154	1.7089	-2.6047	0.7712
-1.5494	2.0046	-1.6449	-0.6655
0.4328	-0.6720	-1.5493	-0.1024
0.9040	-1.4732	0.4629	-1.4714
-0.5392	0.6420	-1.9468	0.3902
1.9657	-4.8482	2.5054	-2.1197
-0.9150	-0.3956	-1.6931	-0.4444
1.2451	-1.3795	1.7663	-3.2962
1.6866	-2.5111	1.9434	-3.0946
0.7229	0.4182	-1.3732	1.8016
2.3166	-1.8348	1.6910	-0.2576
-1.1978	2.1864	-2.6629	3.2079
-2.9081	5.5592	-3.7433	4.0303
0.1514	0.9284	-0.4192	1.3148
0.8146	0.9973	1.2935	-0.1016
0.3800	-0.9516	-0.7254	1.4185
1.5295	-2.3837	3.3925	-1.6274
0.3193	-1.1136	1.5844	-2.6091
-0.5814	-0.1342	-1.0138	0.4817
-0.5319	1.9003	-3.3557	-0.2620
0.0595	-1.7778	1.1247	-1.1881
2.1838	-2.5284	1.8484	1.0767
1.1765	-2.7030	1.2177	-3.5466
1.1729	-2.2183	1.5716	-2.1610
1.4074	-2.3287	2.3727	-2.8695
-2.1570	5.4622	-3.6060	2.3635
-2.9056	3.1834	-4.0780	3.8333
3.3327	-5.1715	4.4507	-3.4777
0.2246	0.4826	-1.7699	3.5009
-1.6216	0.0275	-0.3002	-0.6462
-0.9997	1.4438	-2.5428	5.8892
1.4724	-1.3622	-0.7678	1.6697
0.3267	-0.9425	0.6459	-0.9690
-1.5665	3.1099	-2.8111	2.5340
-1.1159	1.4043	-0.0388	0.0484
-1.6853	1.8168	-1.7207	0.8520
-0.3045	1.8391	-1.9626	2.3557
-2.2312	3.9779	-3.4231	1.4446
-2.4957	2.7177	-2.1120	1.8291
-1.5454	1.6509	-2.1169	1.3858
-2.5767	5.8886	-3.7005	2.1089
-3.5095	5.2207	-3.0792	2.2176
0.9174	-1.5576	-0.1363	-4.1269
-0.1040	-0.7111	2.1954	-1.6140
1.1009	-0.1596	-0.6922	2.1744
1.0937	-1.6498	3.0508	-2.9852
-0.8643	4.6597	-5.2543	3.5120
-0.0852	1.5620	-2.4315	2.4271
3.4260	-6.5707	4.4279	-2.6850
1.1534	-0.9416	-0.2435	-1.7676
-3.0078	4.0815	-4.6058	4.7613
-1.0728	2.3503	-0.8832	4.3604
-0.9355	-1.9271	0.5078	0.2688
-1.0609	-0.6423	0.4777	-0.7951
-0.0389	2.3210	-0.2672	0.5012
0.1895	-3.4299	3.3487	-4.4104
2.5491	-1.8714	-0.0514	-0.1542
-0.5800	0.8920	0.1340	-1.3382
-0.5285	-0.3792	-0.3480	2.1993
0.8385	-2.4508	-0.2648	2.4220
-0.0739	-0.2533	1.9811	-5.0417
-4.7208	6.0891	-4.0244	3.1378
2.1551	-4.7074	4.1099	-4.0267
-1.4624	2.4017	-1.4971	0.0732
0.8731	-1.1784	-0.0538	0.5386
1.3919	-1.2944	-0.8960	0.9090
1.0433	-0.8126	0.2852	-2.4083
-1.0498	2.5705	-0.9064	-0.5148
1.7455	-0.8369	-2.8313	1.3329
-0.9677	2.2147	-3.5659	2.6143
-1.9434	1.0051	0.4136	1.1005
0.1472	0.3034	0.5597	2.1231
2.0608	-2.7724	2.9494	2.2164
-0.1577	-0.4008	-0.4644	0.2242
-0.5515	2.1122	-1.2734	0.2451
0.8898	0.0295	1.6357	-3.3726
-0.8623	4.5674	-2.5880	0.6151
2.2424	-6.8449	2.2278	-1.4714
1.1922	-2.9922	5.2063	-7.0552
2.5713	-4.8439	2.9164	-3.4960
1.8196	-2.3673	2.6014	-2.9728
0.4280	0.1382	-1.7576	1.1610
0.7388	0.0939	2.2428	-2.8571
-2.9329	3.6740	-1.3099	-0.3647
-0.2038	0.9021	0.5237	-2.0779
-1.2065	2.5882	-3.5814	2.1698
3.4413	-4.1266	-0.0182	0.8868
0.7141	-0.0004	-0.1035	0.7696
-1.7162	1.0006	-0.9179	-3.5358
-2.2039	2.3200	-1.6724	0.0514
2.7340	-3.5528	1.8804	-1.0203
-0.4994	1.2852	-1.2943	2.0515
-2.5689	1.2279	-1.1733	0.8831
-0.4562	1.9039	-0.1184	2.8718
-0.0973	-1.0631	1.0433	-1.8119
-1.4423	3.3976	-0.7274	0.5250
-0.3972	1.2705	-3.3115	3.2310
1.7093	0.0560	-0.1679	-1.6866
0.3791	-2.6993	1.0324	-2.2579
-1.2452	2.5685	-4.1722	5.1294
1.3545	-1.9676	0.6502	1.0037
-1.0581	2.0715	-2.9063	0.8582
-2.7012	4.1832	-2.3854	1.4059
2.1239	-1.5530	1.0820	-0.1460
0.6080	-0.3952	1.0802	-0.1689
-1.3927	2.4269	-2.2547	2.0877
1.2666	-0.6127	0.6932	-1.5978
-1.2921	1.6469	-1.3241	3.4079
0.8801	-2.7622	2.1419	-2.7264
-2.1474	5.4173	-1.8228	0.9176
-2.8582	3.9412	-3.0585	1.3601
2.7681	-4.1379	1.5593	0.8439
1.3447	-0.2916	-1.3644	3.5961
0.4254	0.7426	-1.1264	2.9899
1.2954	-2.2756	3.6319	-2.9951
-1.3143	0.2553	-0.9582	0.7555
1.5075	-1.9301	1.5233	-1.3203
0.4433	-0.8519	1.9387	-1.6657
-1.8945	1.8700	-2.9016	3.0011
0.7809	0.0584	0.3304	0.4036
-0.7149	0.8361	-0.9331	0.3518
1.0459	-2.2056	-0.6515	-1.6854
1.1699	-0.7598	1.0981	-2.4104
0.8734	-0.9978	0.1512	-2.1817
-1.9300	2.8939	-1.7897	1.4940
-0.6185	0.1926	2.5417	-0.4000
-0.5488	-0.2436	0.5878	1.1406
0.4166	-1.8235	1.1957	-0.2927
-1.6611	2.1633	-0.2505	0.7485
0.0914	0.7765	-2.8023	2.8577
1.1448	-2.6539	0.5378	1.8889
-1.9650	1.7454	-1.7940	-2.4661
3.1065	-4.7496	2.9677	-2.1307
0.4019	-0.9636	0.1764	1.5424
-0.4860	1.1219	0.9786	-1.7279
2.3860	-3.7293	2.2829	-2.4598
3.6353	-3.8768	2.3513	-2.8779
-2.9467	2.8857	-0.4497	0.9294
-0.4677	0.3421	-1.0009	0.2309
0.3372	-0.4736	-0.9242	-2.9794
0.9720	-2.3608	1.4193	2.4428
-2.9585	4.7053	-5.2393	2.9978
1.1438	-0.9526	1.7973	-1.0424
-1.0902	2.5361	-1.4610	-1.0395
-0.1426	-0.9968	1.5464	-4.5985
-1.9499	0.5039	-0.6940	2.1762
-3.4349	3.2793	-1.0720	-0.5750
-1.0521	0.8308	-0.1208	-1.0018
-0.1782	2.1182	-1.5318	-0.6670
-1.5844	0.9678	0.4949	-0.7587
0.3264	0.4467	-0.5387	-0.3178
1.2814	-1.5334	-0.7155	2.4770
-1.6018	1.1515	1.0733	-2.2780
-0.8348	2.6508	-1.3159	-0.8361
-1.1782	2.2640	-1.4300	3.9316
0.6795	-0.8917	0.8928	0.7091
5.2131	-6.1695	4.6219	-4.8163
1.4737	-1.7050	0.9838	-0.8483
0.5446	-0.0360	0.4342	-2.2048
0.6494	-1.3413	2.9811	-1.4548
-2.4717	4.2516	-4.1279	2.6051
-0.7725	1.4424	-1.5611	1.2020
2.6774	-2.6313	1.6314	-0.6541
-1.3634	1.0762	-1.4336	3.4863
1.2870	-0.6134	0.9685	-0.2057
0.0514	-0.0785	1.5413	1.3304
-1.6203	0.6220	-2.1104	-0.3684
-1.4634	1.8736	0.6978	-0.0384
-0.6193	2.0030	-0.4309	-0.0306
-0.4093	-0.1578	-0.6319	0.9247
-0.4354	0.6464	2.6831	1.8573
-2.9958	4.3398	-1.4766	-0.6262
1.0059	-2.5382	3.6359	-3.3206
0.7826	-1.9593	1.7679	-0.4976
0.6347	-1.0327	2.1927	-5.7735
0.3068	-0.4420	1.3557	0.7140
-0.0940	0.1703	0.9483	1.0319
-0.1446	0.0993	3.0105	-1.1109
1.0615	-0.9156	1.3325	1.1579
0.8891	1.2227	-2.6427	2.2665
1.4013	-0.5896	-1.5443	-0.5556
0.7773	-1.3005	-0.5529	3.7872
3.4407	-4.1131	2.7247	0.5375
-3.3263	2.0598	-5.2521	3.3535
1.2069	-1.0435	-2.0167	-1.2310
0.6565	-0.0669	-1.1570	0.2013
1.3436	-0.3213	-0.8895	1.4415
3.5522	-4.1346	3.5319	-2.7047
0.4108	-0.7597	1.9384	-3.1283
-1.4329	-0.3097	-0.0688	1.2975
-0.0549	-0.0765	1.0857	0.3450
5.6242	-7.1046	3.8849	-3.0839
