X1	X2	X3	X4
0.4221	0.4384	-1.3173	2.9460
0.9492	1.4172	3.0107	-2.5591
-1.2589	-2.9390	-4.0365	3.1387
-0.1838	-0.0869	0.3865	1.0364
-0.0153	-0.7454	2.1462	-1.6822
-0.3087	-0.3780	-2.5973	3.2732
1.4135	2.1229	2.2045	-1.9622
-0.3369	0.0961	-4.3773	3.5781
1.3726	0.4430	3.3575	-3.1190
-0.5519	0.4889	-1.0742	1.0067
-0.3702	0.8806	-0.4347	1.6218
0.1613	-0.3125	-1.9745	1.4639
-1.9433	-2.0454	-5.5510	4.9709
-0.2373	-0.0943	-1.8291	3.3212
0.0960	-0.4582	0.2090	-1.6387
1.5737	1.9769	1.3347	0.4191
-0.6177	0.4303	-3.8961	4.5672
-0.5416	-0.0257	-1.5083	2.2654
1.3120	0.8179	0.5658	1.3635
-2.7114	-3.6563	-6.6238	5.2493
2.2458	1.7482	0.7674	-0.8067
0.1383	-0.0902	1.4498	-2.6829
1.0011	3.1140	2.4010	1.7335
-0.5098	0.1656	-4.7299	3.8269
-1.2512	-2.4365	-3.6005	2.0945
1.2103	2.2939	1.8404	-0.4667
1.3678	1.0705	2.3198	0.6191
0.8519	0.9737	2.8179	-3.0818
-0.6895	-1.5446	0.7317	-0.9051
1.7776	3.2422	3.7977	-2.0273
-1.7405	1.9001	-4.4139	4.0717
1.1029	0.1807	-0.0358	1.7188
1.7817	0.2406	2.0504	-3.2231
-0.7134	-0.8464	-2.6561	4.0011
1.2413	1.9334	2.4221	1.2244
0.2386	0.6823	-1.1959	0.1787
-0.9218	-1.8805	-2.2121	1.8575
0.0085	0.1856	1.2902	0.6128
0.8860	2.3912	1.8825	-2.2596
-1.3470	-2.6017	-3.3230	1.4958
-2.3501	-0.2527	-4.6446	5.4920
1.2622	1.1215	0.8703	-0.5787
-0.3280	0.7944	-3.2052	2.7608
-0.9986	-0.8495	-0.5365	-1.3153
-1.8836	-2.3289	0.6953	-1.3516
0.7963	0.1409	1.0663	-1.5361
1.8679	1.8098	4.5032	-2.7037
-0.8342	-1.9214	0.1954	-1.7231
-0.6599	0.0298	-2.0961	2.3547
0.5265	-1.0956	0.6819	-0.8633
0.7403	1.5281	6.2942	-5.4374
2.0280	2.1030	3.2321	-1.7957
-0.5464	-0.2012	-1.3611	2.4479
-1.7944	-1.5835	-4.2611	3.7582
1.5155	3.0680	5.4686	-5.0525
0.1578	-0.5712	-3.5115	2.6895
0.0269	-0.8508	-0.2057	1.7648
0.0609	-1.1035	-1.1678	-0.0698
0.4430	1.2429	0.0761	0.4405
-0.5597	-1.8779	-1.6392	0.5823
-0.7618	-1.1871	-1.9504	1.9863
-2.2828	-3.4836	-3.4350	4.0602
2.6874	1.8042	4.3237	-2.9310
-1.4835	-3.0038	-2.8087	-1.3042
1.0511	2.0064	-0.6945	-0.3868
-0.9530	-0.4949	-1.8805	0.9986
3.2304	4.4726	6.7548	-4.6933
-1.4659	-1.2924	-1.3397	-0.1724
-0.0827	-0.7607	-0.9415	0.3493
0.0107	-2.3775	0.3953	-3.5036
0.4328	-0.7803	1.4881	-2.8410
-0.0568	-0.7892	-2.0522	1.9636
-0.4649	0.6341	2.1337	-1.9094
-0.5447	1.1631	-1.8098	3.7922
-0.5412	-1.1206	-0.4193	-1.1130
2.1935	0.9406	2.4002	-1.6031
-0.2036	-1.8214	0.3701	-0.7954
-0.1302	0.9376	-1.1375	-1.0442
-0.8151	-2.0489	-3.1127	3.4073
2.1216	2.9254	1.1789	0.9501
-0.8000	-1.8094	-3.0985	2.1389
-0.1136	0.2079	0.5581	0.0166
-1.5750	-0.8081	-4.5014	5.6083
-1.1694	-0.8229	-0.9731	-1.3999
-0.5363	-0.7507	-2.2879	3.4020
0.0659	2.6693	-2.5252	0.6839
1.2743	0.9704	2.8380	-5.8945
0.3143	-1.4013	-1.1832	2.2993
2.4719	1.0353	3.8212	-4.7810
1.7280	3.1156	1.6403	1.8628
0.3809	-2.4305	-0.4238	-0.4240
-0.2335	-1.1428	-0.2635	-0.8604
0.3108	-0.8257	-1.2976	0.6161
-0.0816	0.0180	-1.2420	2.1012
0.2342	1.0406	0.0705	-0.5182
2.1600	3.5885	3.1074	-2.4208
-1.3978	0.4984	-4.2853	3.8048
0.5205	1.5099	1.2366	-1.1065
1.8619	1.5031	0.5421	-1.1230
1.0042	1.3626	1.1262	-0.3403
0.0533	3.5121	0.6921	1.0873
-1.0375	-2.4498	-4.8993	5.2073
1.7036	0.9064	1.8648	-3.1294
0.9415	1.3896	2.3639	-0.8299
1.6802	2.7376	6.4177	-2.9759
-1.0406	-1.1874	-2.3030	2.8096
-0.0602	1.8655	0.7256	1.4306
0.6997	-1.5696	-0.6425	0.8768
-0.8232	-0.5662	0.4193	0.3471
1.0750	1.2896	0.4809	0.3900
-0.2770	0.2853	-3.1160	2.9963
0.8744	-1.3777	1.1802	0.8666
0.3229	-2.0220	-0.7336	0.8150
0.3791	-0.5399	1.9064	0.3788
1.9950	3.8203	0.2543	1.4392
-0.7438	1.1652	0.0391	-0.6343
-0.3964	-2.0365	-0.8261	-2.4984
0.4931	2.1455	0.2163	1.7033
-0.8151	-1.2609	-1.6957	1.9154
0.5680	-1.2519	-1.9496	1.6687
1.5940	2.6880	0.5001	1.8136
-0.1798	-0.6030	-1.2748	-0.0474
-1.1356	-1.9288	-1.0715	1.7402
-0.3189	-1.7417	-3.0155	2.2012
0.9236	-0.2126	1.1129	-2.1075
1.5860	2.2490	0.9156	0.6870
-0.5742	1.2993	-0.5665	0.7481
1.3007	1.5296	2.4215	-0.1881
-1.8416	-1.2974	-2.1990	1.9805
-0.8418	-0.8481	1.7427	-1.4174
0.8017	-0.4446	1.7721	-0.8251
-1.3454	-2.2427	-0.8648	0.3529
1.2588	1.1594	1.0904	0.9119
-1.3497	-1.3655	-2.8564	2.3510
2.3817	2.8072	4.0609	-3.0936
1.3820	1.6532	2.9098	-1.2292
1.4827	3.0207	2.7008	-2.3162
1.4449	-1.5429	3.9433	-2.9984
-1.6225	-1.3788	-1.1630	0.5102
0.7046	0.6381	2.1051	-3.0108
1.3322	0.1194	2.0138	-1.7477
-1.4934	1.5691	-3.7732	4.5560
-1.4324	-2.0244	-2.4805	1.4298
1.2891	0.5035	4.1002	-6.2902
0.2724	0.0563	0.8724	-0.5333
-0.1669	-1.0851	-0.9390	-0.8744
0.8352	1.7432	0.3819	0.8269
0.2182	-2.0789	0.2213	-1.5635
1.2184	1.5160	1.3717	0.5089
0.2872	2.1123	2.0826	0.2479
0.7521	-0.4908	2.7687	-1.7748
1.0511	1.8088	-0.2405	-1.3373
-0.6982	-2.3512	-0.8518	-0.1299
-1.8685	-1.2945	-6.1929	5.9108
2.0928	2.5377	5.2196	-5.9488
2.0260	1.6135	1.3948	-0.6602
-1.6393	-2.6317	-4.9696	0.9858
-2.6279	-2.6216	-5.4898	2.6160
0.1795	1.5979	-0.8810	4.4242
0.0662	0.8502	-1.3737	1.4543
1.1938	0.7956	-1.3887	0.1524
1.9644	1.2960	2.7610	-2.0831
-0.7438	-1.7077	-0.8291	-1.0895
-0.4597	-2.1041	-2.1065	0.7512
1.3718	3.2860	5.0568	-3.5782
-3.2924	-2.9738	-9.2873	6.8004
0.3266	-0.0157	-2.6747	3.1481
-1.1471	0.8667	-0.4318	2.8683
-0.5594	-1.0770	-2.6702	3.5538
-1.1435	0.8109	-3.0400	3.0015
0.5848	-0.3361	-0.6288	2.5193
0.6064	0.2134	3.8596	-2.6834
-0.4914	-2.7708	-0.6787	-0.6707
2.1360	2.9496	5.5263	-4.4301
1.1309	-0.7875	1.8785	-0.7299
-0.9808	0.8936	-0.9309	1.1030
0.0944	-0.1684	-0.1508	-0.9904
-1.0203	-1.3748	0.8601	0.8602
1.6617	0.5431	1.6265	-0.8985
-0.4051	1.9592	2.1060	-0.6222
-2.5894	-4.1678	-2.8560	1.0738
0.3031	1.8596	1.7285	-2.8316
0.9035	1.3588	0.9366	-0.7800
2.1394	2.3134	3.4171	-1.3870
0.5316	-0.8055	0.2680	-0.7528
2.3502	3.5247	4.6712	-0.9047
-1.8994	-0.8916	-2.9110	3.2466
0.5426	-0.7229	0.3876	-0.7971
-0.3920	0.3660	-2.2785	3.1365
1.0449	0.9205	3.7890	-0.2354
2.0753	1.1596	3.9070	-2.4280
0.3357	-0.5130	-1.0780	-0.4683
-0.5928	0.0881	-0.1836	-0.9254
-1.2659	-0.9978	-1.0359	0.3054
1.1711	0.7434	4.0947	-3.5762
-0.3725	-0.1824	1.6879	-2.0108
-0.3386	-0.0924	-1.7751	-0.0003
-1.3178	-3.8849	-5.4367	4.2559
0.5460	-0.0285	1.9712	-1.9296
-1.4471	0.9032	-1.6257	2.2724
2.3111	2.3026	6.5581	-7.5970
-1.7932	-2.0270	-5.5022	6.7413
-2.9694	-4.1483	-6.1015	3.0931
-0.6716	0.3793	1.3510	-0.5138
1.5549	2.0291	2.8580	-0.3100
-0.3361	-1.0339	-0.0237	1.5034
-1.0818	-1.9339	-0.0445	0.5863
-0.8095	2.1480	1.9382	1.8058
-0.7383	1.1371	1.5550	-0.7095
-2.3481	-3.7457	-5.2956	0.0905
-0.7928	-0.0381	0.6234	-1.0773
0.2111	1.4635	0.9228	0.4841
2.1464	4.2999	4.3042	-2.4572
0.5996	-0.5279	3.2525	-3.3798
-0.1402	2.3598	-1.2377	1.1719
-0.8706	-2.3439	-3.0613	1.8819
1.0252	1.8943	1.8854	0.6542
-0.2315	-1.7033	-0.8078	-1.8235
0.9203	1.7557	2.9017	-2.7575
0.0720	0.2353	-0.6472	1.0341
0.9023	-0.1701	0.3757	-0.8528
-1.5155	-0.1245	-2.8353	4.2380
1.7210	1.4789	4.3153	-6.0321
-0.2678	-1.2289	-1.5351	1.2349
1.0075	-1.2985	1.0202	-3.2551
-1.0951	-1.3614	-0.2926	1.0003
-0.5328	0.3670	-0.6750	0.2740
-0.2096	1.7322	-1.0528	1.2531
-0.1730	1.8005	0.1456	0.3775
1.5614	0.6388	4.0117	-3.7534
0.6454	1.6328	3.6341	-3.9130
0.5907	-0.8215	-0.1281	1.5731
-1.4879	-3.8450	-4.1064	0.2378
1.0088	1.6449	2.8611	-4.4131
1.4601	0.1024	2.4678	-1.5117
0.3695	1.2409	-0.5709	1.6225
-4.1015	-4.0449	-9.0040	8.0869
-0.1721	-2.1993	-2.2324	0.1576
1.1400	1.2867	1.0537	0.2433
-1.0768	-0.3870	-1.8456	-0.8726
-2.5927	0.4117	-4.5035	2.5381
0.1352	-0.0056	-0.9499	1.6577
-0.7668	-1.0976	0.3385	-1.0852
-0.2308	0.2340	2.0068	-2.3547
-0.5311	-1.8421	-3.1554	1.2833
1.2256	1.2933	4.6867	-1.7969
0.3557	-0.5998	1.0450	-0.8946
3.4559	2.1941	6.9349	-5.8478
0.4847	0.6631	2.2031	-1.7367
-1.4702	-1.9361	-0.2175	-3.0276
-0.0126	1.4828	-1.1065	1.7595
0.7725	-1.6608	0.3436	0.0653
1.3629	-0.9063	4.3995	-6.1864
2.0368	1.4317	4.3147	-3.2661
1.2608	1.0917	0.0254	1.9426
-0.4288	3.3123	1.7569	-0.1571
-0.5591	-1.8184	-1.4255	0.9952
1.0064	0.3755	-0.2447	0.3557
-0.4902	0.8934	1.4711	-0.5725
1.3334	-2.2710	3.5222	-4.3250
0.3685	0.5561	0.6917	-0.7538
-0.2291	-1.0220	-1.3849	1.1744
-0.4519	-2.9717	-3.4148	1.7864
1.6125	1.6404	0.7039	2.3613
-0.9058	-0.1002	2.7017	-2.3626
0.5988	0.2731	1.4601	-0.2672
1.3374	2.0414	1.3772	-0.4913
-0.4077	1.1350	-1.2892	1.8102
1.2018	-1.5562	0.7782	-1.6808
-0.4459	-0.2122	-1.9862	2.9121
0.9134	0.5364	5.0529	-4.3478
0.8670	0.8845	0.8534	1.0234
1.1584	1.5535	3.2380	-1.9452
-0.7084	-2.9439	-2.3624	2.4472
-0.5929	0.2061	-4.6020	3.9335
2.7290	2.2243	5.4626	-6.0632
1.0492	0.1157	0.9385	-1.8301
2.6296	1.4288	6.5523	-6.6688
-1.4478	-2.7953	-5.5835	3.0066
-1.3150	-3.1975	-0.9487	1.1275
-0.2918	0.1629	2.7850	-1.8335
0.7717	2.8904	2.3819	-0.4475
0.1558	-0.3002	2.2535	-3.5183
-1.5040	-0.2251	-2.8013	1.1889
-0.2877	-0.1999	-1.7336	2.9412
0.8268	2.3178	1.7893	0.0100
0.9968	1.0185	-0.1383	1.7876
0.6877	1.2983	2.5730	-3.5440
1.5436	0.2673	1.6253	-3.6913
-0.0914	-0.3981	-2.0548	3.4705
-0.9880	-0.3287	-0.7854	0.4069
1.4285	2.5875	1.2680	1.7061
-0.4086	0.2145	-0.4502	0.4815
1.3865	1.7876	3.0702	-2.2037
-1.4396	-1.9437	-2.7500	1.4544
-0.4854	-1.1706	-1.9562	1.4765
0.6932	0.7210	5.2635	-4.6271
0.4473	-0.1053	-0.0610	-1.5039
1.2486	0.3165	3.5894	-4.5874
-1.0020	-1.8378	-0.2352	1.7369
1.0761	0.5849	2.0370	-1.7983
0.8080	-0.3826	3.5695	-2.3067
-1.3195	-0.5294	-5.8050	7.1090
1.2316	1.0195	3.5572	-1.6951
0.7826	0.4403	1.2962	-0.9682
1.1665	-0.2042	0.7832	0.1215
0.7219	0.6794	-1.9772	1.5906
1.0696	0.6326	1.7247	-0.3414
0.3270	2.0521	1.6197	-1.7773
-0.3591	1.1746	2.0382	-1.0370
-0.0176	0.0498	-1.1415	0.6802
0.1384	-0.5503	-1.9090	2.8729
-0.0398	-1.3852	-0.6622	0.2763
0.2408	0.4574	-2.2373	3.1889
-2.5765	-3.7507	-4.5438	5.2000
0.4908	-0.0332	2.1604	-1.9665
1.0731	2.6972	1.4610	-0.7973
-0.8413	-1.4488	-0.9764	1.0266
-0.5542	-0.7063	-3.2696	4.7550
1.0102	0.7882	4.2588	-3.9340
0.1450	0.6975	1.8223	0.0678
0.2828	0.7426	-0.6122	0.5385
2.2403	1.4689	3.4380	-3.7422
-0.8625	-0.1129	-3.6903	2.8163
0.8827	0.7347	2.9758	-1.5375
-0.8258	-2.8022	0.8067	-1.6966
3.0356	3.4338	6.6386	-4.2144
-0.1238	0.3456	-1.8563	1.0319
-2.1536	-2.8786	-1.4978	-0.2480
0.2414	-0.3007	-3.2513	3.0289
-1.1192	-0.9764	-0.9241	0.3775
-1.3837	-1.1293	-0.6887	0.8602
-2.1137	-3.0968	-4.9341	2.9998
-0.0979	0.1959	-0.3551	1.1983
0.4240	0.2546	1.4607	-0.7983
-0.9771	-1.6813	-2.4644	2.8643
-0.0643	-0.2702	1.2848	-4.1266
-1.5268	-3.0281	-3.3209	0.5872
-0.5284	-2.2488	-4.4298	3.7614
-0.0429	-1.3719	-0.3469	-1.9798
0.2387	-0.1271	0.7121	-0.6782
1.0610	0.3634	0.3579	-2.4776
-2.1118	-1.3960	-2.1465	2.3440
0.4140	-1.5741	0.8931	-0.1832
-0.5889	-1.8865	-2.4828	1.8725
-0.7008	-1.9102	0.2421	-0.3865
1.4182	0.1309	1.0218	-0.9057
0.4784	0.0289	1.4581	-1.9601
1.3327	1.3803	3.7734	-3.0391
1.3492	2.1318	1.6804	-2.0360
-0.8169	-0.3050	-2.6177	1.3214
0.3106	-0.1786	-0.2707	0.6259
-0.0322	0.3086	1.7010	0.2549
1.3485	1.7519	0.9032	-0.2329
1.9703	1.0191	5.6907	-4.1068
-0.7059	-1.1646	-4.5834	5.1654
-1.3912	-0.6543	-0.4590	0.2121
1.0457	1.2616	2.5750	0.6115
1.5790	-0.6112	2.2807	-3.3287
0.7463	-0.6071	2.3301	-2.7091
-0.8863	-1.2792	-3.3897	0.8131
-1.2480	-2.6815	-2.0513	1.1016
-1.2951	-1.5037	-3.0437	2.9696
0.1988	-0.1523	-0.1351	1.2128
1.7862	1.0209	2.3765	-1.0301
0.0232	-0.2054	-1.2976	0.6003
2.2411	-0.9455	2.9019	-4.4060
-0.6376	-0.7584	-1.1063	0.7693
0.1973	-0.5247	-1.7270	2.6850
-0.5810	0.0675	1.6841	-3.6887
1.3109	3.9982	5.7956	-4.4117
1.2774	1.2307	4.2570	-3.9394
0.8357	0.6900	2.6966	-4.5268
0.1960	-0.3030	-1.8123	2.0318
1.4537	2.9059	5.3114	-6.1683
1.4870	1.9721	2.0162	-2.3447
0.1487	-0.1423	2.0458	-3.4138
2.4838	2.9584	4.8436	-3.1080
-1.7007	0.4949	-3.1421	3.0229
-0.0767	0.9124	0.6103	-2.3290
1.3003	1.1504	4.1766	-3.4119
2.4847	-0.8935	5.2028	-5.5396
0.5247	0.4676	4.0276	-2.1602
0.4765	0.8766	3.3361	-0.7136
1.5709	0.5149	3.5040	-3.7556
2.0771	0.4484	4.1284	-3.7246
-0.0891	0.6212	0.5538	0.2757
-0.3320	-1.1612	-3.7698	2.1168
2.8789	2.0328	8.2193	-8.5263
-2.9083	-3.3313	-5.3299	5.0328
-0.9839	-0.0696	-0.0955	0.4527
-1.2441	1.9562	-2.0649	2.5998
0.2834	2.2278	1.0234	0.2243
0.8445	0.4794	-0.7517	0.7243
-0.4047	-0.4710	2.0105	-2.9939
0.3239	-0.1109	-0.5258	0.6693
0.2588	-1.0334	0.7332	-3.0833
1.8482	1.4504	3.4422	-2.1724
-1.7409	-1.2615	-5.0336	3.7104
-0.4281	2.5417	-0.4135	2.6137
1.1448	-0.7006	2.7636	-3.1788
1.4227	4.4986	1.9905	1.8105
0.1742	0.0261	-0.6839	-0.0361
-0.6525	-1.0191	-3.2400	2.2132
0.2606	1.4683	-0.7828	1.5069
-0.2412	-1.3175	0.0373	-1.5513
-0.0175	1.3999	4.3298	-5.6834
1.4820	2.8175	2.5687	-1.0200
2.0134	0.1965	3.5009	-3.3929
-1.2145	-1.8609	1.4664	-4.2407
-0.4802	-1.0327	-0.5054	0.9732
-0.2647	1.3140	-0.8950	2.4167
-2.7675	-2.2948	-3.0091	1.9055
-0.2573	-0.3701	0.8630	0.3414
0.2458	1.5357	0.9590	-2.0151
-0.6165	1.4784	2.6500	-3.6100
0.4031	0.2714	2.9359	-1.8832
0.5934	1.6299	2.1325	-0.9504
0.9474	1.0787	0.9585	-3.3317
-0.4336	-2.2205	-2.6955	2.3728
1.7193	2.1809	2.5452	-0.6334
1.8018	1.5586	1.8424	1.0107
-2.1023	-1.8680	-5.3176	5.2661
-0.0040	0.8033	-1.8068	0.2447
-1.1871	-0.9583	-4.9276	2.5868
-0.0534	0.1875	0.1293	-0.6111
-1.7277	-2.1077	-1.5254	0.8533
1.1112	2.0105	2.5280	-1.3788
0.2168	-1.6762	1.7040	-3.3157
1.1384	0.6374	1.6482	1.2901
-0.3773	0.4084	-4.0038	3.3591
-1.4849	-3.1382	-3.7851	3.1311
2.2148	2.9897	3.3275	-0.1572
1.0283	1.8381	5.6544	-5.1633
-0.3917	1.3397	0.0095	0.2976
0.5030	1.2775	3.6297	-2.6396
1.6763	1.0144	6.1336	-5.0702
-0.5492	-0.7054	2.6119	-3.1852
0.3001	0.5844	-0.4320	1.4743
1.9061	2.4351	2.3581	-1.5055
0.7647	-0.7681	0.3428	-1.7734
-1.2509	0.5251	0.2771	-1.0364
-0.1489	-1.3473	1.0857	-0.1641
-0.2176	0.0417	0.6293	-0.3938
-1.0656	-1.5191	-0.0053	-1.6797
-1.4897	-2.0528	-4.0325	4.0726
-3.6290	-5.3014	-5.6506	4.6000
-0.8540	0.2747	-3.8989	4.6577
-1.5562	-1.3178	-3.6415	2.5800
-0.0357	1.9113	0.0393	2.4706
1.1600	-0.0665	3.2032	-2.0242
0.0074	-0.1853	-0.6150	2.8065
1.6184	0.0356	2.6802	-0.8727
-0.3741	0.4066	0.2414	0.9678
-0.3044	0.5077	0.5705	0.4339
-0.5406	-0.9668	-0.2168	-1.0771
1.0601	0.6901	2.5941	-2.8898
0.2634	1.8413	-1.2870	2.5712
-2.4324	-2.4471	-4.3391	4.2879
-2.7327	-0.0412	-3.8631	1.0503
-1.0175	-2.2728	-0.1626	-1.5627
-1.1080	-1.0050	1.0603	-0.5066
-1.2206	-3.3028	-3.9826	3.6547
-0.0076	-2.5139	0.8435	-1.3532
0.4005	-0.6428	0.5448	-1.0270
-1.1336	0.2474	-0.6572	1.2060
1.7286	1.9731	3.5904	-3.3995
0.1675	0.1514	-0.8637	3.4922
0.3097	0.8796	-0.2108	-0.0779
-0.3254	-0.4969	-1.0881	1.9348
0.0363	-0.9665	-0.0703	-0.4665
0.5319	-1.4919	-2.2974	2.5919
0.6288	0.7998	3.6209	-2.1737
-0.5335	2.4944	-2.8886	3.5566
1.3921	2.7560	5.6088	-5.3341
-0.4104	-2.8793	1.6658	-2.6562
-0.0840	0.0132	0.8154	2.4806
0.7330	-0.1490	-0.1950	-1.2075
1.9442	2.2098	3.6322	-3.5461
2.3104	2.0191	2.4832	-2.0771
1.1945	-0.2601	1.8794	-2.4854
-0.0667	0.2148	1.3808	-0.1781
1.5517	1.8335	5.2327	-3.6159
-1.1672	-0.5829	-4.0546	3.5922
2.4052	4.8488	5.2471	-1.0166
-0.5882	0.2308	1.2214	-0.4744
0.2314	0.6349	-0.1210	2.6659
0.5457	-0.1376	0.4434	0.7594
0.4623	-0.5657	2.4360	-1.6137
0.0220	1.5290	-0.4958	0.7654
-0.8717	0.2540	0.8885	-1.7240
-1.1096	0.1498	-1.8292	1.5767
0.2771	1.8464	2.5500	-0.9636
0.7788	0.4695	2.6543	-0.2071
-1.2805	0.5941	0.3031	0.2070
-0.5894	-2.7659	2.1839	-1.7521
0.6621	1.6978	-0.4947	2.3835
0.1120	0.3543	0.0859	1.1393
-0.4318	0.4988	0.7392	-1.1712
1.7640	2.2872	2.2433	0.1755
-1.0258	-0.1392	-0.5919	0.8601
0.6705	-0.1807	-0.8380	-0.9691
0.1467	-0.5993	-0.7674	-0.1996
-0.3711	-1.4255	-0.6464	1.1862
1.4505	4.4049	-0.0964	2.3239
-2.5216	-1.7532	-6.6575	4.5629
-0.3691	0.8252	0.4696	0.6042
0.7819	1.0549	1.5382	-2.7436
1.8091	0.5833	5.8846	-5.2786
-0.9688	-1.8804	-1.8577	0.4901
1.4828	0.1630	7.0501	-6.0849
0.5272	0.2210	4.0813	-5.0069
1.8930	1.3868	4.0628	-5.0543
0.9389	-0.2721	2.3473	-2.0869
1.1803	1.7784	2.4449	-0.1889
1.0609	-0.7485	0.4142	-1.5863
-0.1359	1.6251	2.6516	-2.9342
1.4142	1.0649	3.4620	-4.9002
0.6008	-1.2809	1.9329	-2.6476
0.6043	2.8750	1.8431	-0.4951
0.5065	1.7988	1.0119	-0.6114
0.8628	2.0477	0.8844	0.2036
3.2462	2.9185	7.9731	-7.5870
-0.1379	-0.4886	-4.8918	4.0995
-1.3593	-0.4968	-1.0808	-1.1390
2.7757	2.2563	3.7685	-1.5405
1.1590	1.5534	2.7799	-0.0688
-0.1413	0.8298	1.6892	-1.0343
-0.8638	0.9030	-1.7259	4.5435
-0.5567	-0.2590	-0.8997	0.6125
-0.1543	2.3830	2.8560	-1.4861
3.1945	3.0466	5.0699	-3.0448
0.1866	-0.7855	0.4653	-0.5346
1.3384	-1.1408	4.4893	-5.2114
0.3941	-0.3620	-2.3235	1.6339
-0.8142	-1.8180	-2.2444	2.2256
-0.7526	0.3858	0.6852	0.6928
0.5812	2.7461	4.0869	-2.0584
-1.6324	-1.7109	-7.8246	6.6612
-1.3821	-1.5081	-5.0492	5.2010
1.9084	3.5973	4.2449	-4.0506
-1.1294	-2.3737	-1.8158	1.5849
-1.2417	-1.4748	-0.9370	0.8973
0.4228	1.7431	0.2517	1.8793
1.3096	2.3971	3.3020	-1.5678
0.6783	1.0503	1.2364	-2.2278
2.4131	-0.5640	3.9111	-4.5779
-2.0309	-3.8018	-2.9857	1.1926
1.0318	1.9862	1.0901	-1.4298
1.0278	0.7019	1.8038	-1.2205
0.9475	-0.3721	3.3908	-2.6908
0.4622	0.5492	0.2317	-1.0423
-1.3727	-1.9553	-1.4638	1.8602
1.4251	2.2830	3.1546	-3.7820
1.2113	2.1431	0.2968	1.2388
-1.2505	-0.1807	0.8611	-2.5957
0.4768	-0.4560	0.3060	0.4227
-1.5786	-2.3952	-2.9030	3.7656
-0.4390	0.6961	0.0453	-0.8613
-0.1089	0.0583	0.5922	-1.5381
-2.1364	-1.2403	-7.1205	7.4554
0.1300	-0.7509	0.0829	0.7459
1.0827	1.6930	2.3512	0.4223
1.2527	0.8023	0.4160	0.4510
-0.4434	0.3203	-0.5736	-0.8615
-1.7101	1.1834	-3.1879	3.3757
-0.9616	-0.6284	-0.8966	-0.4528
-1.5883	-1.6392	-3.3259	2.1540
-0.1931	1.0047	-1.6955	2.2410
1.0905	2.9007	1.6767	-0.3381
1.0968	1.8233	2.4394	-2.9024
0.9667	2.1248	4.2196	-1.7983
-1.6148	0.4089	-3.5129	1.7873
2.0176	4.0677	4.6033	-1.8887
-0.3824	-0.1504	-0.9108	-1.2141
1.3798	0.3674	1.6223	-0.1609
0.3617	-0.0634	1.5684	-0.9209
-0.7017	-0.0774	-0.5790	-0.8977
0.6044	0.6246	1.7464	-1.0592
-0.3688	-2.1519	1.1904	-0.7954
-2.3101	-3.3738	-3.5312	3.4569
1.1885	2.8202	3.4020	-2.8410
0.0845	-0.1411	-0.2544	1.4883
-0.5307	0.6239	-0.0764	3.6316
-0.4763	0.4447	-0.5638	-1.1510
1.4152	1.3564	1.7857	-1.8701
-1.5210	-0.4126	-2.4485	0.8362
-0.8487	-1.3262	-1.8305	0.6240
-0.8947	-0.5605	-0.4703	-0.3529
0.7686	2.4885	1.1331	0.6781
1.6384	2.5118	1.3864	0.1621
1.0010	1.7451	-0.2762	0.2595
0.4807	1.4548	4.9742	-3.2610
1.0473	2.0668	4.3525	-3.3097
0.0788	-1.4203	2.4255	-0.3301
-2.2306	-3.8870	-3.7001	1.9159
0.5874	1.6003	-0.7438	1.6549
1.4756	2.2393	4.0787	-3.8391
-0.5030	1.4913	0.2074	1.0861
-0.4347	0.6785	-2.6748	2.3082
-0.1111	-1.3967	-1.6404	1.2834
1.5639	2.8363	2.5642	-2.9118
1.2511	0.6893	4.1057	-4.2018
-0.4250	1.0096	1.4236	1.4049
0.0815	-0.9773	1.0435	-2.9788
-0.1817	-0.8652	-2.8114	1.5907
0.5952	1.0976	-1.1152	-1.3025
-1.3392	-0.3130	-4.6895	3.8328
-0.1405	-0.9766	-0.0223	2.0270
-0.1753	-0.5500	-1.7572	0.6174
2.3826	1.6173	3.3825	-2.3766
0.4081	0.2211	1.7949	-0.9556
0.1571	-2.2358	1.2337	-2.0532
0.5492	-0.4672	2.4981	-2.8609
-2.7580	-1.7945	-5.1297	2.6354
0.1006	0.1469	0.9435	-1.3105
0.2636	0.9543	0.2570	0.7055
1.2427	2.5572	2.0227	0.5339
0.0293	-0.2815	0.8742	-0.3877
-0.8928	2.0082	-4.2166	7.0338
0.8227	-2.2286	0.9022	-1.9991
0.2750	-2.3933	1.3408	-4.5404
1.0314	0.0165	2.8261	-1.7506
1.5891	-0.0366	6.2175	-3.1655
-1.0055	-2.9451	-1.2092	-0.8216
0.6522	0.6545	0.2166	-0.7901
-0.7011	-0.8955	-2.6927	2.4811
1.2141	1.6892	0.8590	1.8449
-1.0424	1.1561	-2.6228	2.1177
-0.6658	-0.0976	-0.8541	0.0506
-0.1820	1.7439	-0.7883	2.0911
0.5704	1.7059	0.5362	0.0811
-1.7730	-3.8503	-0.6296	-3.0181
-1.0346	-0.0355	0.5912	-2.3518
0.7074	1.6568	1.4173	0.3832
0.2438	-0.8389	0.0342	1.1134
0.4378	0.2198	-0.5559	2.7590
0.3426	0.9553	-0.2672	-0.6559
1.1168	2.2127	1.1917	1.4978
1.7877	0.3554	2.3804	-3.6787
-0.1044	3.0831	1.1879	-0.2972
-1.4695	-1.7326	-1.1774	0.1953
2.4817	3.4065	5.9234	-2.8419
0.8637	-0.1261	2.8507	-2.9793
1.9671	1.2499	2.9712	-4.2806
0.4974	0.2890	-0.8741	1.6884
1.1620	2.0488	3.8843	-3.9454
-2.2098	-3.5932	-3.7391	1.6634
-0.1332	-0.7305	2.6645	-1.6099
0.4648	0.8003	0.4025	-2.1358
-0.1363	-0.0967	1.6756	-1.4968
-0.1277	0.7906	0.0377	-2.0824
0.5539	1.9192	3.2564	-2.4236
-1.7684	-0.6146	-2.1915	2.5153
-0.5654	0.1659	-4.0975	4.2905
1.4508	0.8496	2.4828	-2.1395
1.7822	0.2653	3.6706	-4.7081
-0.2624	-2.2014	0.2433	-0.5328
1.1261	2.9495	-0.5723	0.7239
-0.1907	-1.1867	0.9616	-1.6157
-0.8731	1.2671	-3.2853	3.8146
0.0332	-2.5754	-1.2272	-1.0377
-1.5423	-0.4592	-0.5829	0.8995
-2.8951	-2.2287	-4.3907	2.8129
-0.0237	-0.7932	-2.1966	4.8650
-1.1942	-1.7105	-2.9147	1.6773
-0.5189	-0.4373	3.1877	-3.1881
0.2745	-1.3961	1.2401	-2.8285
-0.1617	-1.2290	-2.4578	-0.1563
0.6373	-0.4517	0.3370	0.6078
0.3218	0.8918	4.7222	-5.6828
1.3758	2.7275	2.1637	-0.7284
1.6085	2.7398	3.1448	-3.4195
1.6736	1.9384	5.0966	-2.4717
-1.3293	-3.2025	-4.4141	3.1804
0.1278	0.3685	2.6931	-1.8363
0.1585	1.0251	0.2425	-0.0684
-0.8808	-1.3826	0.7173	-1.1581
1.6407	0.3166	5.7555	-5.7785
1.8027	3.4724	3.2196	-2.1314
1.2006	1.0765	1.7169	-2.1488
-0.5764	0.2289	-0.2922	1.4868
1.4423	1.6906	1.6567	-1.1824
1.7092	-0.0274	2.5530	-2.1152
1.0716	2.2295	3.2452	-2.5768
-0.6006	-1.3288	-2.2388	2.8637
-0.7205	-0.6912	1.6515	-3.2910
-1.1837	0.3507	-1.6879	3.1121
0.5626	2.8380	1.4699	-0.4932
-0.7537	-0.6953	-3.1658	3.0637
1.2367	0.6409	0.9917	1.5116
-1.1035	-0.7161	-3.7742	2.4336
-1.8684	-0.4997	-4.0247	3.3118
1.6296	2.2559	1.9531	-0.8001
0.5641	2.1938	-0.2567	3.3194
1.6163	-0.8917	1.4851	-0.5876
-1.5329	-1.6924	-0.8626	-0.0505
-0.1108	2.1406	0.7755	2.5766
1.1528	2.4641	1.9131	-2.0588
-1.6771	-4.0750	-1.7141	0.7877
-0.3782	0.8156	-0.2093	0.8619
2.0759	0.8934	2.1463	-0.1229
-2.1752	-1.2210	-4.4540	5.1064
-0.7154	-1.0728	-2.1205	1.2905
-1.1868	-1.1752	-0.7381	1.2352
2.6860	3.6245	4.3923	-2.1751
0.1989	-1.3788	-0.5605	-2.0883
0.0528	0.4353	1.2900	-4.1841
-0.4220	0.3202	1.7995	-2.0235
-0.5720	0.3538	-2.5897	1.2366
-0.3566	-0.6282	3.0268	-2.7038
-0.9071	-1.9049	-2.3987	-0.8474
-1.0017	-0.1582	0.9731	-0.2732
-2.1240	-2.3114	-5.0146	4.0583
0.4511	2.6216	0.5775	0.3030
-1.0954	-1.9547	-0.2099	-2.2556
1.3981	0.3082	-0.3138	-0.4408
0.5745	1.6630	1.5069	0.3801
0.3224	0.1636	-0.1116	0.4408
-0.1363	0.2411	-4.3640	4.1182
0.2307	-1.0134	-1.3896	1.6590
-1.6146	-0.6353	-3.6840	5.0874
-0.2182	-0.3006	-1.3621	2.7167
0.9655	-0.0760	5.2645	-2.7839
1.7344	-1.1806	4.6002	-4.5242
-1.7375	-3.8363	-1.8884	2.6531
-1.5359	-3.4614	-2.3717	-1.6653
1.4541	-0.4962	4.9849	-4.5826
0.9732	0.3811	3.5966	-3.2958
-0.4781	-1.0741	-1.7739	0.9003
0.4542	0.9803	0.9116	0.6760
0.6460	-1.3613	1.0015	-2.8363
-0.2928	0.5428	-0.1714	2.9715
1.4964	1.3080	2.3591	-1.2514
0.2136	0.7576	-1.1299	1.1749
0.4673	1.0442	1.7568	-2.2547
0.5142	-1.6821	-2.4375	3.4751
0.9527	1.5655	1.8220	-1.6853
0.2410	0.2732	0.1940	-0.3887
-0.3573	1.8085	-1.3991	2.5519
-0.1760	0.4221	1.1440	0.0856
3.0036	2.7840	6.8599	-6.8364
0.1090	1.0491	0.9933	2.0995
0.2818	0.9315	0.8843	0.2420
2.8380	2.2410	2.8134	-1.8016
0.5023	3.1495	4.0731	-1.8039
-0.0582	-2.7374	-1.0129	-0.4615
-0.5505	-1.6343	-1.5596	3.2186
1.0784	3.9231	1.0863	-1.5243
-1.2314	-3.0780	-1.6409	0.2469
0.1335	0.4838	-3.9621	4.9386
1.2333	2.0928	4.0071	-3.1075
-1.2693	-0.0084	-2.4141	1.6782
-1.9385	-3.4060	-4.0442	1.9451
-0.5854	-1.4130	-1.2278	2.3809
-0.2398	-1.7605	0.1230	1.1292
0.2825	-0.8113	-1.5813	0.7049
-0.9477	-2.1846	0.4015	-0.8040
-0.1302	-0.4408	-0.1537	0.6034
0.2546	0.2144	2.7379	-2.3807
-0.9835	-0.9002	-4.9966	3.1901
0.5829	0.3994	2.1473	-1.7142
-3.1554	-2.0211	-6.5150	4.4761
-0.0377	-0.0528	3.3062	-3.6839
1.5333	3.7894	1.7485	-0.7265
2.0764	-0.6427	2.2172	-3.8340
1.1776	1.7066	2.5069	-0.5581
0.3302	-1.4003	-2.5360	4.2944
-1.2482	-0.1976	-2.0711	0.9456
-0.2406	-2.4457	-0.2400	-1.8886
-0.3726	-0.4929	-1.6038	1.0137
0.0544	-0.5156	-0.3858	2.3670
-2.2220	-3.4974	-5.8398	3.5884
1.1348	2.2434	2.9514	-0.1895
0.0070	0.3971	0.5286	0.0357
0.7752	-0.4956	0.1650	-0.7048
0.1221	0.8675	2.5748	-2.9283
0.7972	-1.8370	2.5939	-3.3404
-0.2612	-1.0567	1.2505	0.3564
1.3166	0.9626	4.0171	-4.9185
-0.6494	-2.4589	-0.2840	0.6803
1.1047	2.3211	5.3088	-0.5314
-1.8453	0.2950	-4.0475	4.7546
-1.0978	-1.8395	0.7786	-0.3847
-0.8782	-2.0656	-0.4668	0.2880
0.2871	-0.0816	1.1756	-3.5576
0.1089	-1.1181	0.7253	1.2728
0.3108	-1.2102	2.3103	-3.5735
-0.1983	-1.3945	2.4447	-2.1784
-0.3916	0.4559	-1.2069	-0.4552
-1.3762	-2.9663	-4.9833	4.1377
1.2871	2.4920	1.4206	0.0362
0.7636	0.3324	1.9423	-0.4482
-0.5444	-3.4782	1.5397	-5.9865
-1.1021	-2.6265	-2.0601	1.0722
-0.3405	0.1923	-1.0233	0.3243
-0.3976	-0.7552	-0.8215	-0.9807
2.4827	3.4896	8.4584	-5.1560
0.1649	0.2971	-1.9113	0.4320
1.0341	0.3985	0.3581	0.6171
-0.3598	-0.4640	0.6991	0.5921
1.0401	-1.0886	3.5171	-4.5617
-0.4498	-2.0178	0.5046	-0.7718
-0.6825	-0.2963	-3.2908	2.4110
-0.3828	-1.2803	2.8865	-1.2187
1.8802	1.6709	6.1067	-5.9179
0.8295	1.7834	2.1371	-0.3955
0.0102	3.0084	-0.5084	3.4905
0.5776	0.3626	-0.9278	-2.0204
-0.8143	1.4269	-1.1079	1.3061
1.4822	1.4707	5.5991	-2.7516
0.4070	-0.7230	-0.2261	-1.3777
4.7846	3.7717	7.3800	-6.2177
-0.2100	2.8019	-1.4262	0.7606
0.5760	1.6616	3.5575	-2.3607
2.3035	2.2732	4.2988	-3.4140
-0.9769	-1.6534	-3.3927	2.0202
-2.4994	-0.7589	-2.4763	3.0263
1.0841	1.0333	2.1069	-1.3734
0.0034	-0.3016	-3.8329	4.4283
0.1927	2.6055	1.1588	0.8050
-0.9424	-0.1511	-1.6369	2.9666
0.1256	0.6592	0.1015	-0.4799
0.1968	0.1535	0.3561	0.0075
0.4280	-0.7153	-1.4028	3.2275
0.7786	-0.8761	1.1569	-2.4780
-0.1515	-1.8705	-0.8812	-0.1000
-1.2129	0.1701	-0.9798	2.3051
1.0773	2.9089	1.7891	-1.8625
-1.9326	-3.0425	-2.9845	0.8451
-2.5948	-2.8116	-8.4860	7.3264
-0.5301	0.1297	0.3395	-0.1824
0.0192	-2.3884	-0.5182	-0.3134
-0.0522	0.5292	3.8994	-5.9149
-2.6437	-4.9097	-4.2886	1.9631
0.8417	-0.0547	1.9772	-1.2452
1.3192	1.5192	2.4677	-0.9588
2.7803	3.0402	5.4138	-3.1573
-1.8456	-0.3769	-2.8370	3.0724
-0.5356	0.0502	0.0274	-1.3851
-1.0116	-0.2560	-1.5152	1.8756
-1.2691	-1.8207	-2.8566	2.2257
-2.9592	-1.6625	-4.5308	2.7724
1.3376	0.0780	0.6282	-2.0318
1.6955	2.7780	3.2655	-1.2321
-0.4962	0.0688	-1.0017	2.2376
0.5164	-0.5692	-0.5619	1.7152
-1.4864	-0.3974	-3.5628	2.1193
0.6519	0.7522	-0.1924	-0.6601
-0.8696	-1.2542	1.2233	-2.7148
-1.3554	-2.4747	-2.8165	2.0809
-0.5958	-1.3723	-3.0388	2.2133
-0.2181	-0.3331	-2.4112	-0.3126
1.3758	-0.0168	1.7395	-0.9770
0.0204	-0.1737	0.7407	-2.0824
1.0847	-0.0647	3.1116	-3.8508
0.7748	0.8022	1.8025	-1.7415
-1.0252	-1.2644	-3.1217	3.6045
0.1826	0.1773	-0.3842	0.5366
1.4103	-0.3573	4.3991	-4.1621
-0.2224	1.2868	-0.3958	1.9198
0.3426	0.3517	2.7783	-4.4088
2.3729	3.4145	5.9708	-4.1185
0.2591	0.5197	0.6004	-1.7345
-0.8681	-0.8067	-5.0768	3.9601
-0.6154	0.6562	-0.7971	1.1270
0.3239	-1.7496	1.3340	-2.4100
-2.1064	-1.8042	-4.6845	3.7453
0.6683	0.6338	0.5402	-1.2266
-2.6646	-1.8687	-4.5452	4.8848
-0.3647	-1.2198	-2.8048	1.8247
-0.6127	-0.3272	-1.2679	0.3454
-1.7400	-1.4406	-1.8326	0.9992
-0.1949	-0.9344	0.8785	-2.6007
-0.5906	0.8698	1.6671	-0.2432
-0.1016	1.3325	-0.1791	1.1254
-1.7227	-3.3169	-6.0545	2.1066
-1.1291	-1.1761	0.7185	-0.0358
-0.2963	-1.0722	-2.6762	2.1816
0.0638	-0.5047	0.8469	-0.1959
0.4864	0.5108	4.0873	-2.8461
1.5949	2.8785	5.8924	-5.7475
0.8358	0.3985	-0.0952	-1.0542
0.4649	-0.2477	-2.4579	3.7152
1.6585	3.3086	4.1332	-3.9437
-0.1360	-2.5494	-2.7867	2.2152
0.4012	2.6478	0.3925	0.7472
0.5966	-0.4979	2.0857	-1.0566
2.7507	3.7337	7.5218	-5.4947
-0.4696	-2.0639	-0.5819	-0.7127
0.0606	0.8769	1.4734	-2.7369
-0.4070	0.0100	0.8166	0.6752
0.9719	-0.2078	-0.9551	1.1452
1.9718	2.4406	4.9346	-2.7550
-1.1506	1.6626	-3.4655	1.0998
-0.2366	0.8708	-0.1483	0.3447
-0.4721	0.9020	-1.3401	1.9453
-0.6147	-1.4378	-0.2758	0.1698
2.2717	0.7812	3.1275	-1.7342
0.1132	0.7270	-1.3677	-0.4701
-0.5304	-0.2478	-1.4542	1.6716
-1.3161	-0.2612	-3.6551	1.6417
-1.2769	-0.9436	-3.3018	0.4782
-0.3208	-1.4066	-0.5900	-1.4112
0.1059	1.8202	0.2379	-1.1848
-2.1978	-2.4442	-4.8365	2.3883
0.1587	1.5477	0.7988	0.1191
1.5613	3.8589	2.6686	-1.1137
0.6241	0.3305	2.7025	-2.7390
-0.3806	-2.2565	-0.0469	0.8878
1.7690	-0.2489	3.8450	-5.0639
-0.4449	0.2964	-4.3500	2.1049
2.0994	2.7141	4.3622	-5.2659
0.5318	1.2363	3.3073	-3.5220
0.7683	-2.3456	0.0126	-1.2680
-2.3450	-4.2979	-4.3552	3.2049
0.6160	3.0790	-0.1070	1.0240
-1.8849	-2.7989	-2.5195	-0.1890
0.1586	0.9480	1.7823	-1.7179
0.5691	1.8857	0.7091	-4.0504
-0.4613	-0.4608	-0.6497	-1.7062
1.2753	3.0873	0.6291	-0.6398
0.1073	-0.8329	1.1176	0.1849
-1.3496	-2.4360	-1.7843	0.5189
-0.8198	-1.4718	-2.6834	3.2494
0.1722	0.6237	-0.6878	2.6488
1.0178	1.6270	-0.4138	-0.3747
-0.1366	-1.6372	0.1285	-0.7308
0.6704	2.1385	0.7335	0.8871
0.7890	1.6467	3.2952	-2.5976
3.6151	2.0056	7.8652	-8.1088
-1.5352	-0.0485	-3.8208	3.0523
-1.4060	-1.0717	-1.7603	-1.6007
-1.1863	-0.6363	-2.2183	1.6123
1.5496	2.4745	2.1847	-1.3431
-1.8499	-0.6329	-0.1811	0.4338
0.2072	-0.1804	0.4082	-1.7626
0.3458	1.8013	3.0923	-1.4103
-0.0694	-3.3736	-1.4420	-0.2100
1.5385	0.6984	4.2233	-3.2894
0.6955	1.6870	0.3974	-0.1101
-0.6076	-1.5684	-3.4748	4.3326
-0.0365	-0.1675	1.5558	-1.3237
-0.1194	0.6756	1.3247	0.2663
-1.1577	-0.5517	-2.9294	1.6068
-0.8170	-2.5973	-1.3295	0.8809
0.3804	1.5432	-0.3541	1.4189
-0.0824	-0.9253	-0.4567	0.5768
-0.1741	-0.1642	-2.1875	0.4246
-0.1718	1.1064	-0.6609	-1.6192
-0.9055	-0.4940	-2.4176	1.7905
-1.5150	-2.6009	-2.6577	1.4493
-0.1064	-1.1496	-0.7267	0.1980
-1.7595	-0.7345	-4.4818	3.2017
-0.2289	0.1311	-1.1109	-0.9558
0.4064	2.0264	1.3587	-0.7615
-0.8551	-0.2973	-0.3452	-0.8025
0.9702	1.5659	2.1626	-0.6366
0.2939	1.2526	-0.1189	1.8658
-1.4682	-1.7908	-5.3585	2.6703
-0.9855	-0.2616	-2.2157	2.4479
1.6280	1.3096	2.5282	-1.5845
0.5126	0.4484	2.1478	-1.4552
-1.1912	-0.5212	-2.7978	0.7178
-1.1988	-0.3221	-1.5681	2.6952
0.7929	1.0772	0.3456	0.2040
1.1535	2.0657	2.9134	-2.1122
0.6162	0.9338	1.4200	0.1007
-0.6909	-0.7126	-1.4572	2.0843
-1.2405	-2.5348	-1.2961	-0.3561
-0.4239	-0.6389	-1.7818	1.3040
1.3915	0.3651	0.5989	0.9374
-2.0606	-0.2140	-2.2648	2.7552
-0.2142	-0.2045	0.2653	-0.9797
-0.1477	-0.8864	-0.4609	0.7602
-0.7074	-2.2578	0.3184	-2.6673
1.0040	1.0383	2.7508	-4.6825
0.4410	-0.0470	2.7774	-2.2094
-0.4109	-2.9471	-2.1369	0.9780
0.3816	-0.2858	2.6062	-3.1575
0.8521	1.4565	-0.0733	1.2292
-1.0888	-0.1359	1.1683	-2.6620
0.3447	-0.6569	1.2974	-1.8227
-1.5570	-1.0419	-4.4403	2.1029
0.4889	2.6463	1.4866	1.9629
-1.3828	-1.6130	-2.8327	-1.3808
2.4356	0.5078	4.5393	-4.9270
2.3195	3.0621	5.8867	-7.0965
-1.5778	-3.4421	-4.7022	5.3480
0.2143	-0.2319	-0.8225	1.1643
0.7414	-1.2725	1.2544	-1.2023
-0.1595	0.1827	-0.9906	1.8405
1.7140	-0.0130	1.9959	-2.2336
-0.3711	-1.1818	0.0451	-1.5664
-0.3583	-1.1808	-1.6697	2.2321
0.0775	0.5683	-1.6643	0.4994
2.5427	2.0092	4.5448	-2.7661
1.4372	3.2044	2.0283	0.8661
0.9254	-0.1970	1.4643	-1.7150
1.1724	4.2455	0.5621	0.5849
