X1	X2	X3	X4	X5	X6	X7	X8	X9	X10
2.0645	3.0616	2.5457	-0.3136	3.2891	1.4626	0.4095	-1.2057	-2.4059	-0.0058
-1.0270	-1.5904	-2.0336	0.0628	-0.4993	-1.8670	-1.9215	0.2336	1.7187	-0.2166
-1.3813	-2.7287	0.5111	-0.7064	0.4428	-1.5305	-0.6439	-1.0654	0.8817	-1.0215
2.1929	4.3262	1.2655	0.4267	-0.8955	-1.3472	1.8077	0.7163	2.8006	-0.2347
-2.8015	-4.3389	0.9076	0.5827	-1.8111	-0.4841	-1.1632	-0.6686	-1.3616	0.8994
-2.0502	-4.5583	-2.4778	1.9007	0.0240	-1.6164	0.0609	0.0755	-1.2873	0.8113
2.7137	5.3966	-0.9405	-1.1512	1.2329	0.3624	0.2859	-2.0036	1.1222	0.8418
2.2616	2.5245	0.7495	-0.2822	3.1003	0.2674	-0.6890	1.5568	-2.9071	-1.1149
-2.4006	-3.3109	-1.9183	-1.1559	1.7434	-1.0214	-0.5784	0.2158	-0.9638	-0.4373
1.0407	0.3771	-0.2790	1.5282	0.3790	-0.0257	-0.4271	-1.6690	-1.9068	1.2910
-1.1430	-0.3604	-1.3321	0.5179	-1.2354	-4.0498	0.4783	-1.7444	-1.8694	3.1203
0.8900	2.3120	1.3578	1.2228	-0.2868	-2.4152	-1.5289	1.3486	0.0830	-0.9173
-0.0209	0.9972	0.6889	0.4686	1.0567	-0.6328	0.8231	0.9233	-1.9633	1.5516
-1.8122	-3.3064	-1.3906	-0.5774	-1.0846	1.1192	0.5369	-1.8996	-1.4872	0.4810
-1.1842	-2.4107	2.9324	-0.1879	1.6513	-2.0001	1.2193	0.4434	-0.0182	-0.1780
0.5692	0.8373	-1.3614	-0.2698	1.9488	-2.3188	0.9352	1.4607	-2.7626	-0.5186
-0.5242	-0.8804	-1.1429	1.2229	-0.8835	-0.9147	0.4921	0.5382	-0.6292	-0.4994
2.8658	3.4704	0.1202	-1.8543	1.0516	-0.1466	0.1466	-0.4804	-1.0074	-0.1504
0.7665	1.7503	1.9974	0.7084	-1.3968	-0.2430	-1.3096	-0.9424	2.1191	0.3242
-2.3323	-3.0657	-0.8447	0.8708	-1.4473	2.4069	1.6168	-0.3606	-1.4712	-1.2385
0.8478	1.9342	-1.6595	0.5226	-2.6582	1.7531	0.4858	0.9777	2.6831	-0.0316
0.1453	0.6762	-0.8588	-1.7784	-1.3208	0.8914	0.3054	-1.4656	1.5071	-1.3206
-3.2597	-3.5063	-3.2274	-2.0662	-0.0563	0.9073	0.8566	0.0286	-0.1569	-2.3576
1.2876	-0.3804	-0.0480	-1.5384	1.1266	-0.5529	-0.3455	0.6077	-2.5702	-0.8237
0.2121	-0.2678	0.7288	-0.5621	0.5761	3.0699	0.4251	-0.8903	1.4766	0.9721
-2.2373	-3.7432	-0.2582	-2.0577	-1.6054	-3.1457	0.1132	1.2768	1.2840	0.2289
-1.9694	-2.4273	2.1058	-0.4778	1.1798	1.0297	0.3668	0.5147	-1.8238	0.3461
1.6946	2.0678	-0.6376	-1.9753	-2.1986	-2.8168	-0.0002	-0.8586	2.6906	0.0543
-1.5266	-1.6386	0.6487	0.5997	4.4667	1.2154	-0.2501	-0.9198	-1.6473	-0.8664
1.6995	0.6551	-3.0258	0.0717	-0.2115	1.8768	-0.4793	0.7385	-1.1917	-0.0581
-0.9681	-0.7400	-0.1250	-0.8720	1.5590	-0.8471	1.5426	-0.1748	-2.6720	-1.1487
-0.1312	-0.2743	0.8898	-0.9541	-3.1140	1.5046	0.8785	-0.8652	2.4059	0.4035
-1.9142	-2.2845	2.6639	-1.0494	1.7339	1.6114	-0.8446	0.3402	-0.5084	0.4045
1.1216	1.9020	-1.4841	0.2171	-0.4466	-2.2712	0.4031	-0.4575	1.7370	0.9974
-0.3803	0.9133	-0.2050	-0.4222	0.1959	-0.5867	-1.2003	-0.5898	0.2214	0.8578
2.8939	3.0136	0.6060	0.0560	-0.6463	-0.2991	-0.8877	1.1844	-1.9842	2.6245
1.8267	4.0873	-1.1027	0.8797	1.0950	-2.0365	-1.4073	-0.5481	0.9789	1.2181
-1.7674	-2.1959	-1.1642	-1.3055	-1.0070	-2.0612	-0.0278	-1.7498	2.2781	2.5907
0.0525	1.2160	1.6089	1.9396	1.2075	0.7584	-0.4985	0.4792	-0.4819	0.7920
1.0975	-0.6346	-0.0704	-0.5643	0.5232	1.2381	-0.2717	0.6516	1.0775	0.1530
0.8765	2.7718	2.5956	-1.0346	-1.1221	0.0904	-1.3589	-0.9971	-2.3557	-0.8056
-3.9141	-5.9234	-0.6098	1.1672	-1.4393	-0.4930	0.0517	1.2236	0.2218	0.5013
0.6999	0.7015	-1.1909	-0.0492	1.6248	0.6562	0.2184	-0.1605	-3.1880	1.2446
-0.3632	-1.8299	-1.8301	-0.4525	2.5442	-2.2491	0.1310	0.4982	-2.6291	-0.5714
0.9181	0.8852	1.2751	1.4280	2.0756	0.8787	1.0188	0.5336	-3.3101	-2.2549
0.9378	1.8504	-0.6908	-0.4278	4.4066	3.9749	0.5579	-1.1983	1.3788	-1.1858
0.3484	1.4025	0.0354	0.5408	-1.5651	0.3391	-1.6282	-1.3448	0.4192	0.8005
-0.1327	2.2655	-1.4263	-0.7122	0.4871	-1.2531	-0.8889	-1.0554	0.6987	-0.5155
1.9337	3.3051	0.9044	-0.3627	0.2773	-1.4836	-1.7658	0.6111	-0.1206	-0.8719
1.6856	1.7870	-1.8120	-0.8573	0.1224	1.9171	-1.5728	-0.0081	-1.2663	1.1915
2.2152	3.4541	1.4357	-2.1593	1.7847	-1.7106	0.1764	-1.0102	3.6636	0.1619
-0.6422	-1.9254	-0.7027	-1.7870	0.8453	1.3559	-0.4705	-0.6804	2.5262	0.3594
0.5203	1.7856	-1.2796	-0.4428	0.2738	1.9885	-0.1789	0.3913	3.4642	-0.6960
-1.1472	-0.7791	-0.7647	-0.6060	0.4391	2.4243	-0.5165	-1.0390	-0.2377	1.4417
-0.7015	-0.5104	0.1051	-0.0118	-1.0531	0.9633	1.5311	-0.9041	-1.0273	1.4595
-0.2591	0.2660	-1.5335	1.3438	0.2381	-0.5365	0.5223	0.3876	0.0851	2.3837
-0.9532	-1.6204	-0.8853	-0.2305	1.3101	0.9372	-0.2144	-0.7538	0.5604	-1.2920
1.2930	2.2777	0.9339	-1.7779	-0.3418	-2.2793	-2.4240	0.7698	-2.3326	-0.9101
-0.6219	-3.3627	-0.7115	1.4829	-2.6051	2.4207	1.0863	-0.6678	0.0411	0.0640
1.0511	2.2438	1.2097	0.9350	0.8282	-1.7172	0.2365	0.7099	0.5394	1.0999
3.1553	5.2133	-1.7424	1.3759	2.0994	1.9862	-0.0133	-0.1292	1.8149	0.1877
-2.5138	-4.0064	0.3964	1.6324	-0.9455	0.4052	0.8825	1.0693	-1.1877	0.3689
-0.8229	-1.9358	-0.0991	1.2927	-2.3604	0.5435	0.7262	-0.2950	-0.6579	-1.3269
-0.3573	-1.8973	0.9732	1.4207	-1.9502	1.5131	0.8008	-1.6088	0.9199	1.2298
-2.6184	-3.5607	-1.4689	-1.9040	1.4432	1.6947	0.1476	-1.7725	-0.4105	-1.0751
-1.0054	-4.0785	-1.6462	-0.4410	0.5961	2.9240	0.6421	-1.7410	0.1030	-0.4722
0.6176	0.8012	-0.3263	0.6029	0.4628	0.8257	-0.7986	-1.0687	1.0179	-1.1198
0.5018	0.3605	-1.2582	0.3148	-1.0419	2.9038	1.2344	0.7879	0.5145	0.0102
0.9709	0.1496	-0.4345	0.5875	0.9729	-1.5843	0.2789	0.8621	-1.9006	-0.1939
1.8882	2.8787	-1.7850	-1.2078	-2.2910	-1.3178	-1.5751	-0.9773	-0.8804	-1.1046
1.0731	2.0269	-1.0955	-0.2072	0.1615	1.7545	-0.6246	-0.7247	1.4426	-1.8772
-0.5287	-0.3949	0.3143	-0.1544	1.5269	-1.0377	0.6824	0.8270	0.2087	0.0340
0.2888	0.2157	-0.4773	-1.2600	-0.2245	1.4344	0.7825	0.6813	-0.8660	1.2936
-2.0452	-3.5651	-0.1519	0.7637	-0.9563	-1.3146	0.3975	-0.7947	-1.8216	0.8768
1.3256	3.3710	1.6902	-3.0847	-2.2819	-1.7166	-0.9732	0.5255	2.4864	0.5167
-0.7662	-1.9068	-0.2009	-1.6270	1.5253	-0.5273	-0.2693	0.0234	0.8082	-0.2909
0.2024	1.5051	-0.6812	1.6717	2.3789	1.8253	1.4789	1.2070	-2.1697	-0.9185
-1.7505	-3.5466	-0.6333	0.2054	-1.1682	1.1201	-0.4143	-1.1802	0.3424	2.0717
1.7021	3.1720	1.1089	-1.3088	2.6555	-0.0877	0.4932	0.3297	-1.2318	-2.6518
-0.0059	-0.0122	-0.5344	-2.0104	2.6627	-0.0823	0.2672	0.2232	-1.9217	-0.7896
-2.6106	-3.4063	0.7324	0.8685	-1.0346	0.2790	0.2211	-0.7066	0.2616	0.3503
4.1113	7.7590	-0.6808	-1.7639	-0.2687	0.1917	-0.0421	1.4501	3.1755	-1.5818
0.4880	-0.8526	2.6767	-0.2096	-0.9161	0.1235	-0.1723	-1.4665	0.2253	-0.9259
0.7822	0.3035	-0.8787	-0.9637	1.8413	-0.8824	0.6250	0.2227	0.5199	1.3319
0.5502	-1.3045	0.3860	1.0073	1.6739	-0.7308	0.6767	1.3159	2.3894	-1.5764
1.4291	4.0461	1.6214	0.9043	1.2893	-1.5415	1.8339	3.0985	-2.3170	0.5404
1.7183	4.0060	2.4351	-0.3706	2.7858	-0.6355	0.1074	-1.1020	2.3119	1.2495
-0.3353	-0.0577	-0.9178	0.6729	2.6975	0.4433	-0.3523	0.6496	1.3499	-0.4529
-3.5179	-5.6339	1.2612	1.4369	0.9031	0.7286	0.0014	-0.5477	-0.7813	0.1965
0.5204	-0.7898	0.5505	-0.1663	0.0951	1.3349	0.1103	-1.0559	1.0218	-1.0432
-0.0388	-0.0042	0.0358	0.7622	-1.7169	0.4235	2.7329	1.1484	-1.6028	-2.3283
-3.0695	-4.2354	0.0125	1.3362	-0.6069	-0.1203	-0.5853	-1.1442	-1.3991	0.0362
-0.7165	-0.1712	-0.7619	0.3333	4.0969	-1.4223	1.2803	-0.1564	0.2371	0.1599
0.2946	-0.5049	-2.5513	-0.3376	-0.8096	-0.1943	-0.6116	-1.3849	0.6629	-1.4986
-0.8975	-2.6180	-0.4363	-0.1202	0.0284	2.3334	0.2712	-1.2876	-2.1075	0.6636
-1.3538	-0.8231	1.4433	1.1163	0.7888	0.7690	0.1857	-0.2921	0.6973	-0.5983
2.1948	4.8822	0.3326	1.4270	1.4133	-2.7943	-3.2843	1.1668	-2.2272	2.4210
0.3375	1.3850	-2.3980	-0.7753	-1.6371	3.1157	-0.3091	0.5449	4.5687	-2.6665
-0.8831	-3.9462	1.7925	-1.3423	3.6809	-0.3398	0.8083	0.4078	0.1190	-2.1465
-1.3042	-2.1054	-1.8753	1.0254	0.0152	-0.4570	-0.0839	0.1135	0.0308	1.6234
3.1492	4.5301	-0.1959	0.4687	-1.6196	-0.3181	-0.6089	0.3151	-0.7163	2.2440
-1.4372	-1.3324	2.8311	0.8818	0.7916	-0.3412	0.3265	-1.1917	-3.7651	-2.7874
-3.1463	-5.2464	-1.5956	-0.1234	-1.0642	-2.2279	-0.4867	-0.2374	1.9018	0.1884
-0.3968	0.7210	1.1635	0.5413	-0.9257	0.9097	0.6226	0.4202	-1.5322	-1.2782
-2.7397	-4.6453	1.4011	0.6392	2.6060	1.2989	1.3139	-0.9633	0.6296	0.2691
1.8033	2.5535	1.4417	0.4499	-1.5979	-3.2100	0.4862	0.3374	-0.9519	0.2391
0.6761	1.0550	-0.2583	-0.4022	1.3973	1.1316	1.7980	-1.3985	-0.1775	0.6357
-2.0388	-1.6798	1.2260	-1.2561	0.3621	0.0400	0.1411	0.9476	0.0138	-0.9713
-1.5911	-2.4721	1.8284	1.2883	0.0944	-0.0522	0.5807	0.2987	1.3394	-0.9695
2.3330	4.0018	-0.9884	0.1258	3.5097	0.8604	-0.1354	0.9617	-1.4233	0.9168
1.9422	3.2203	-1.1457	-1.8934	-0.8592	0.0845	0.3469	-0.8456	-4.2405	-3.7181
2.8963	4.7371	-2.2218	0.8400	2.0948	-1.5532	0.9348	0.6766	-1.9324	-0.9557
1.3134	3.9177	0.5485	0.3568	-1.8692	0.2565	-2.5230	0.2380	-0.6308	-0.6934
-2.0181	-1.0171	1.8726	-1.0353	1.5625	1.0877	0.1369	-0.5928	-2.2105	-3.0178
-0.3578	0.8898	-1.3572	-1.2403	-0.1491	1.7948	0.4456	-0.9505	1.5190	-1.4796
-4.3380	-6.2385	-0.0023	-1.2180	-0.9924	1.7572	0.0763	-1.3970	-5.0944	1.6060
-2.0128	-3.2972	1.7524	0.1691	-1.5222	0.3233	-1.0316	1.0303	-2.3731	0.1882
-1.4373	-1.9747	0.6029	-0.2634	-1.4267	3.1711	0.3882	0.4042	1.1716	0.3101
0.1177	1.3452	-1.6338	0.0072	-0.5068	1.1598	0.4851	0.8307	0.2008	0.1146
-1.0008	-3.5397	2.1690	0.4482	1.3441	2.4781	-0.3447	-1.8292	0.0383	-1.1194
0.5846	0.1498	-1.5791	1.5250	1.8191	2.7305	0.6188	-0.1982	-1.6038	-1.3037
-0.5420	0.2286	-0.1088	-2.3162	-1.6548	1.2954	0.3861	1.1541	1.2413	0.3902
1.6696	3.9954	2.5007	-0.8171	2.0938	-2.0820	0.5750	0.4739	1.3595	0.6955
0.4497	-1.2274	-1.8196	-0.5154	0.2315	0.7809	-0.7788	-1.3650	1.3009	1.3965
-1.6813	-1.9036	0.5253	1.6208	-2.0222	1.3028	-1.2668	-0.4721	-1.4804	-1.1854
-1.6999	-3.0732	-0.8653	-1.3843	0.2745	1.0737	0.5897	-0.2598	1.6953	0.3407
1.3611	1.1634	-0.9108	0.8392	-1.0493	-1.4582	0.2495	1.9248	-3.1629	-0.2475
-1.6241	-4.5591	-1.0177	0.7589	0.6478	-1.7423	-1.2248	-0.7604	1.0838	-1.4285
0.6878	0.1354	-0.1387	-0.1151	-0.3298	2.4626	1.4043	-0.3879	0.3990	-0.8044
-1.0310	-1.2021	-0.1159	0.9515	0.6386	-3.5484	-0.8555	0.8053	0.3945	1.2583
0.7732	1.4842	1.3472	0.1151	1.1651	-0.3785	-0.1376	-2.0709	1.0722	0.0863
2.2738	3.5892	-0.0307	0.2925	0.4735	0.3963	0.9022	0.5595	-2.2281	-1.6617
0.3734	0.4035	-0.9995	-1.0153	-0.1047	1.5814	1.0964	-1.2254	-0.4575	0.7103
-1.2465	-2.5809	0.4643	-0.8765	1.5747	0.7337	0.4885	-1.0114	-0.9136	2.2368
-0.8033	-1.7443	-0.8835	-1.4584	2.7036	0.8222	-0.5650	-0.9222	-1.6684	-1.4254
-0.0212	0.2907	-1.2711	-0.1793	-1.3518	0.6987	0.1074	-0.9875	-2.7971	-0.6658
2.4126	4.0518	0.3295	0.3419	-1.2440	-1.7927	1.2888	-1.4415	-0.8270	-2.3370
-2.3768	-3.7905	-0.5565	-0.4239	0.4593	-0.4326	-0.5707	0.6088	-1.3581	-2.4563
0.5968	0.5460	0.3584	-1.5746	0.5235	0.7427	0.2383	0.1603	-0.5664	1.6849
3.4834	2.4421	-0.6193	0.3864	-0.7760	0.2856	0.8015	-0.0425	-1.0837	1.3631
-1.0791	-2.5579	0.1779	0.0387	0.5748	-0.4462	2.3143	1.3541	-0.7058	3.2091
1.8484	2.4924	2.0802	-0.0777	-1.2100	-2.0887	-0.8200	-0.3758	1.6995	1.6066
-1.6259	-2.5387	-2.5346	-1.2939	1.3193	-1.0123	-0.9413	1.0348	-0.6488	0.2377
-1.5411	-4.5799	0.7560	-0.1856	-0.2097	-0.3202	-0.9452	-0.9620	4.0159	-1.1293
-1.4037	-1.2640	-1.1746	-1.1549	1.0870	2.2244	-0.0855	-0.5441	0.7443	-0.7243
4.1540	6.3420	-0.2944	1.7949	2.2048	-0.7972	1.9791	-2.1710	2.8981	0.6579
-1.3142	-1.5645	-1.3026	-0.5982	0.9810	-1.2769	-0.3904	1.1565	-1.0628	-0.3454
-3.5132	-5.6760	1.2703	0.5886	-0.0287	-3.1308	-0.3579	-0.3056	-2.4525	-1.2504
-1.2182	-2.0758	-0.1389	-0.7279	-1.1039	0.8196	-0.1360	0.6212	-3.2659	0.3112
-3.7928	-5.5816	-0.7433	0.3510	2.2436	0.8999	-0.3962	0.8240	-1.6400	-0.3292
0.8963	2.3248	-1.0299	-0.5678	2.0837	1.7191	-0.4468	-0.7027	-0.1691	2.0093
1.5512	1.9888	1.5882	-0.4760	-1.6278	-0.4872	-0.3590	1.2809	2.8539	0.1972
-0.8733	-1.3638	-0.0025	1.5429	1.0175	1.0985	-0.6499	0.3401	-0.7275	0.3264
-0.0123	-1.7556	0.6193	0.1122	-1.5703	-3.0353	-0.0155	1.0649	2.5562	0.9316
2.5036	4.1087	1.5937	1.5866	1.7873	-0.7706	2.0092	-0.7353	-0.9227	1.0058
1.5169	2.4259	1.5967	0.9039	-1.1325	-1.0248	2.6167	0.9302	0.6683	-1.2132
-2.1611	-4.0448	-0.0882	-1.0878	1.0456	-0.0049	1.8458	0.6014	1.2988	-0.9235
-1.1962	-1.5443	0.4346	0.9684	2.1865	0.8695	-1.7532	0.3322	-1.8264	0.8147
-1.3112	-0.4457	-1.1081	0.5222	2.0826	-1.7691	-0.0018	1.0192	0.2878	-0.9929
1.2589	1.7391	-1.0022	-0.0295	-1.3667	-1.5891	-0.0129	-0.2964	-0.0510	-0.6650
-2.0667	-4.4749	-1.1963	0.3448	-1.9596	-1.6356	1.4104	-0.2184	0.7819	0.0394
-1.1592	-0.0493	-0.5897	2.5996	-0.9444	0.1318	-0.8747	-0.1451	-1.1436	0.8399
-0.4446	-1.7319	3.3448	-1.1403	-2.0946	2.3967	3.3858	0.1433	-1.0694	-1.5179
2.8289	3.5466	0.1541	-0.9150	0.6052	1.7105	0.0110	0.5384	0.1491	-0.4297
-1.4941	-2.5175	-1.3202	1.0817	3.7182	3.3294	0.4803	0.0606	-0.6012	0.1267
0.3005	0.3389	0.8065	-0.2516	-0.8177	1.2451	-0.4239	-0.8704	-0.9417	-1.4655
-0.2624	-0.0824	1.5944	0.6170	1.5497	-0.1183	0.4618	-1.2432	1.3770	-0.3862
-3.2391	-5.4787	0.9116	0.0168	0.9632	-2.3946	-0.2678	1.9516	-1.8549	-2.1554
0.0955	-1.0940	-0.5627	1.0252	-0.9666	5.1363	0.5058	0.5218	1.2448	1.6855
-2.4566	-3.2463	1.7702	0.3109	0.3424	1.8013	-0.7999	0.4691	1.7929	0.0776
-0.9941	-0.0003	-0.7004	-0.0911	1.1785	0.9593	1.4152	0.5537	-0.9478	0.2505
0.1472	0.9092	2.1643	1.4056	1.0621	-3.1169	-0.3522	-0.3665	0.4852	0.7007
-1.2715	-2.0127	2.1951	-1.4545	-1.9260	0.5957	-0.3934	0.8243	-0.6909	-1.1597
0.4405	0.0761	-2.4626	0.2262	0.4817	-0.6857	-0.3173	-0.4581	-1.7045	0.8219
1.5797	0.2875	0.4983	1.3570	0.8016	0.6739	-1.8032	0.9561	0.6479	1.8295
1.5069	2.6759	2.3169	0.0410	0.6833	-0.5568	-1.0914	-0.8487	0.5262	-0.5927
-0.0656	-0.3328	-0.0610	-0.5077	-0.2995	0.3343	1.2459	-1.1730	-3.0974	-1.1518
-0.5393	-1.5462	2.6143	-0.6785	0.4251	-1.4357	0.2244	1.1755	-1.4370	0.1308
3.4721	4.0958	-0.1885	-0.5401	-1.0342	2.1985	0.4232	-0.7102	1.5010	0.1960
0.3868	0.4829	-0.0277	1.0073	-1.6295	-0.9477	-1.9650	0.5209	-0.1062	-0.0923
-1.1841	-0.8075	-0.5400	-2.0502	2.5312	-0.2658	-1.8452	1.3098	-0.5089	-1.0274
-0.0460	0.1907	2.5986	0.5166	2.3203	0.6853	0.6494	0.6229	0.2510	-1.8948
-0.8941	-2.8915	-0.0359	-0.1588	-4.0803	-1.4446	0.9750	0.4518	-0.3126	0.3948
-0.7862	-0.9289	-0.6114	-1.8918	-1.8815	1.0676	-0.6438	-1.2849	-3.4920	-1.9104
-3.3833	-5.9294	1.7977	0.4708	-2.0229	-1.4046	-0.4803	0.3660	0.3821	-0.7930
2.0294	2.8201	1.0660	1.0183	-0.4310	1.5553	-0.5436	-0.9792	0.3828	-0.4960
-2.2301	-3.9003	-0.7591	-0.6793	-0.3648	1.2903	0.8407	-0.0898	-0.3677	0.3192
0.3971	-0.2532	1.2296	-3.4225	4.2756	0.9078	0.5872	1.2109	1.3002	1.5325
2.2808	4.7724	-1.5110	0.6399	3.5604	-1.6247	-0.0269	-0.3001	-0.9584	-0.1743
0.1691	0.0566	-1.9482	1.2607	0.6308	-0.0409	0.0824	-0.5408	0.3797	1.7815
1.8972	2.6433	2.2237	-0.4679	-0.3800	-0.2506	0.7884	-0.3506	-3.0906	0.9857
-0.8220	0.3389	-0.2284	-0.9975	1.2571	-1.5918	-0.2688	-0.0300	0.9067	-0.6426
-1.7234	-3.3692	0.9720	0.0333	-2.3097	-0.9651	-1.1487	1.0401	1.1908	-0.6438
0.1903	-0.0490	-0.3169	0.1948	-1.4205	0.1293	-0.1058	-0.4496	-0.4644	-1.4498
0.2516	0.0853	0.0952	-0.5799	-0.9376	1.1244	-0.0417	1.5134	-1.1121	-0.1808
-1.6975	-3.4934	0.7592	-2.0791	-0.8656	1.3655	-1.5271	-0.9351	-0.6767	1.5190
-0.4482	-0.1544	0.5366	0.1993	-1.0219	-1.4937	0.0670	-0.7960	1.7505	-1.8314
-0.7639	-1.1561	-0.2976	0.1087	-1.9111	-1.3300	0.8223	0.0299	-3.7154	-0.6019
-1.2931	-0.9844	-0.9928	2.1316	-0.5435	0.2263	1.2005	2.7501	-2.0558	-0.2461
-0.0204	1.6972	-2.0412	0.3368	-1.0451	3.4625	0.7441	2.2448	0.6765	1.7416
0.5683	2.0128	2.5977	-0.0517	-2.1519	0.3810	-1.3279	-1.2630	0.4713	-0.4873
0.2663	2.4004	-0.7662	-0.4028	-1.6219	0.4674	0.3569	-0.3565	-2.4464	-0.5738
1.8488	2.7470	1.2882	0.0652	0.4371	0.6069	-1.6088	-0.2999	-1.1444	-0.6442
2.7316	4.3175	0.2084	-2.1152	2.4683	-1.7165	0.8116	-0.9182	1.0101	0.0245
1.4924	1.4977	-0.6752	0.1881	3.4318	1.4091	0.0991	0.2803	2.3392	-1.5100
-3.5006	-4.3505	1.5196	0.1616	1.2071	1.0969	0.1068	0.2237	-0.0452	-0.8948
-0.8865	-0.2250	-0.3951	-1.0725	-1.0890	0.7628	1.2516	-0.8049	2.9171	-0.1955
0.4303	1.6738	-0.9253	0.1930	0.9185	-1.8027	0.1181	-2.4503	-1.0293	-1.0404
0.5461	1.3020	0.6553	-1.7939	3.2608	-0.4780	-0.4493	-0.6045	2.6438	-0.7601
-0.6302	0.5366	-1.7451	-0.6056	-1.6918	-0.3999	0.3129	-1.0955	-2.4267	-0.4144
0.8044	0.0221	-0.5679	0.4292	0.2819	-0.5360	-1.1281	-0.7504	-0.0048	-1.2003
-1.5678	-1.7271	2.0145	-1.1593	0.3237	0.8143	-0.6659	0.9194	-1.9925	-1.0704
-1.1093	-2.8203	-1.4296	1.3857	-1.3017	-1.4297	0.6462	0.9334	1.7070	-2.2811
0.5200	1.7005	0.8656	-0.5754	0.6103	2.2305	0.6111	-1.1118	-2.6365	-0.6569
-1.0978	-1.0565	1.8039	1.5024	1.0129	-3.4151	-1.6598	-0.9454	-1.8854	-1.8198
-1.9057	-4.3121	0.1034	1.1791	-1.1560	0.2243	1.1647	0.2130	0.4696	2.7038
-1.6720	-3.0465	-0.6224	0.6112	-1.1914	-0.8767	0.7008	0.7272	2.2279	2.7556
-2.3239	-2.8625	-0.5653	0.3933	-1.5929	-2.1817	-0.3902	1.4649	-0.4357	-0.3349
-0.2407	-1.4546	1.9781	-1.7241	1.9603	0.5619	-1.1174	-1.0141	-2.9087	-0.5479
3.3456	6.1336	1.3408	-0.4445	-0.8580	-1.1981	-0.5656	0.6712	-2.4468	0.7159
-0.1900	-1.4121	0.5928	0.2173	2.0189	-0.6421	1.7238	-0.4281	0.3982	1.3100
1.8173	3.4808	0.5696	1.2944	2.2337	0.8661	-0.3835	0.4030	-0.4505	-1.7869
-3.4046	-4.6291	-1.1471	-0.4177	-0.5895	2.0077	-0.0536	-0.7457	-1.3473	-1.1414
1.9452	4.0599	2.6243	-0.0546	2.3416	-4.0166	-0.0027	-0.3683	-1.5186	-2.8645
1.3965	1.2330	2.3232	0.7360	-1.9590	1.9598	0.3817	0.1989	1.2157	-0.1023
2.4405	3.0380	-0.5708	-0.5151	0.6191	-1.3622	1.9436	0.2140	2.5353	-0.5772
4.3571	7.5491	0.0617	-0.8915	1.4676	3.8042	-0.0678	-0.3811	0.1527	-0.8304
0.7469	1.8650	2.1973	0.6692	-0.5031	0.5970	-0.0866	-0.2499	0.5620	0.2793
-0.5002	-1.9076	1.8646	-1.2088	-1.1614	0.3186	-0.1400	0.0061	3.7365	0.3388
-0.8099	-0.4681	0.6576	-1.2846	0.6450	-3.3774	-1.0503	-0.4099	2.9461	-0.8879
1.4445	3.0094	-0.4984	-0.0363	-1.0720	1.3304	0.0871	0.4239	-0.1540	1.6959
1.3311	1.6069	-1.6039	0.5719	0.7738	2.5021	-1.3852	0.6153	-0.1567	-2.4898
-0.9970	-0.9224	0.8253	-1.8308	-0.4124	1.3970	-0.9543	-0.6426	-3.2047	0.1428
0.5234	0.7882	-0.9173	1.1774	2.1357	-1.4626	-1.3090	-0.2548	-1.8924	-0.1919
-1.5213	-2.8755	-2.6688	0.5792	1.1303	1.6031	-0.0390	-0.4807	2.4872	0.9359
0.1713	-0.4758	1.8093	1.1127	0.6337	0.3979	-1.6255	-0.7429	0.5791	-0.6488
0.0640	1.3625	-0.2874	-1.2955	-0.4492	-0.1869	1.1061	0.3694	-0.4809	0.6201
2.9297	7.1958	-1.3230	-0.0562	1.8235	1.0749	-0.1789	0.1996	-0.4376	-0.4389
2.7063	4.4885	-0.7099	0.9907	-0.4067	-1.0817	0.3934	0.5019	0.0114	-0.7482
0.7661	-0.4659	-0.1587	-0.0734	-0.4269	2.4577	-0.4910	0.1630	1.0562	0.0221
2.1361	0.6723	-0.5242	0.8933	0.3238	-0.0025	-1.0888	-1.9620	2.4868	0.3603
0.5587	2.1704	0.0851	-1.1144	-0.0683	0.8329	-0.1560	0.0518	-1.8156	-1.0309
0.3542	1.2270	0.8430	0.4383	0.5174	-0.4379	0.9946	-0.8733	0.0348	1.9167
1.2362	1.4470	-0.1111	0.6509	0.8231	-2.2003	-1.1198	-0.5722	-1.8667	0.0442
-1.0077	-2.1355	1.0253	-0.0696	0.9100	-1.5483	0.2692	0.2213	-2.0328	2.2225
1.0314	-0.2451	-0.8447	-0.3157	-0.0147	1.4923	0.9240	-0.9542	1.7765	-1.8111
-1.7780	-2.9740	-0.6469	-0.0387	-2.4893	1.5386	-0.6234	0.0313	0.7995	-0.8604
2.6387	4.7240	-1.1598	-0.0671	0.2479	2.3404	-0.8037	-0.3327	0.7259	-1.8335
2.6391	3.5649	-0.2080	1.2646	-2.8858	-1.2813	0.4612	1.4414	3.3179	0.6406
-1.3121	-0.8281	0.3707	0.1909	2.6347	0.1808	0.1635	-0.6504	-0.1581	-0.4479
1.3871	2.5660	0.7624	0.7656	-0.1392	1.2380	-2.3953	0.8136	1.1490	-0.7525
-0.8624	-2.2654	-2.2631	1.1140	1.9868	-0.0023	-0.9526	-0.2777	-0.6268	0.7980
-0.5488	-2.2842	0.3153	-1.3283	-0.8377	-1.1810	0.8119	0.7234	-1.7767	-0.5134
0.2789	1.0116	-0.8807	0.1249	-1.5288	0.4570	1.4249	-0.7926	0.2994	-1.0631
-0.2029	-1.7522	3.6933	0.6272	0.1879	-2.1375	-0.0649	-1.0474	-0.7969	0.3959
-1.1171	-2.5245	0.0219	0.8611	0.1734	-0.6351	0.3552	1.3445	1.2275	0.8380
-0.2766	-1.8535	0.4949	-1.9296	-3.2527	-0.6212	2.9664	1.6198	1.4580	0.9623
-1.5312	-4.0538	-0.1965	-0.1044	1.6030	-3.7785	-1.1643	3.1195	1.1501	3.6260
0.1755	0.3987	1.9385	-1.4066	-1.8473	-0.6948	1.0258	1.1037	0.4223	1.0706
2.8045	3.9381	-2.6247	0.6665	-1.1630	-0.8871	-1.3727	0.2113	-0.6179	-0.5734
1.4412	0.4866	-1.1599	1.6837	1.2376	-0.8612	0.2555	1.5036	-0.8176	0.5610
-1.1070	-2.2998	0.2110	-1.7290	-1.0876	-0.8012	-0.0869	-1.3966	0.3284	-1.1174
2.8978	3.0934	1.3634	0.1363	-2.0454	-1.4923	-1.7451	-2.9157	3.3134	1.0418
-0.1291	-0.8531	-1.8967	-0.7386	0.6525	-0.3892	-1.1035	-1.0482	-0.7474	1.7729
-1.0283	-1.7362	-1.1487	-0.6412	0.5653	0.5480	0.8141	0.2001	-1.9106	0.2930
1.2552	1.2569	0.8882	0.6047	3.4323	-0.7752	1.7749	-1.7948	-1.7494	0.1732
0.3529	-0.9587	0.0402	0.8096	-3.5327	-0.6455	0.3229	-0.9438	-4.1254	3.6586
-0.4488	-2.1869	-0.0567	1.0111	-1.6397	-1.9587	1.2264	-0.5974	-0.8638	-0.5320
0.9989	0.7057	0.8976	-1.6130	-2.7663	3.4339	1.8060	-0.7960	-1.3590	1.7569
-0.9748	-2.9764	0.4364	0.3047	0.9081	-0.6510	-0.8547	-0.1042	0.3261	0.0343
-1.7043	-1.5189	0.4233	0.0266	0.9838	-0.3429	-1.3641	-1.2185	-0.2119	-0.3523
0.7761	1.3657	-0.5042	-0.3833	1.0907	-0.0439	0.1891	-1.7653	3.5571	0.2520
1.1937	1.9294	-1.4222	0.0833	1.6704	-0.6880	-1.1457	2.0872	-0.0524	-0.6702
0.0239	0.8078	1.7888	-1.1595	0.9600	1.6275	0.5209	-1.2450	-0.9491	0.3398
-1.1049	-0.9187	0.0048	-0.5356	-0.6894	1.2894	0.3934	0.9635	3.0823	0.4975
-1.3236	-2.7353	0.9746	-0.0470	0.1513	0.5374	-1.4151	0.5684	1.0476	0.0980
-0.9064	-0.9921	-0.7442	-1.2171	0.7761	2.5345	-0.0438	-0.5085	-2.1457	-0.6936
1.3670	2.3475	2.0451	-0.6720	-0.9220	1.0481	-1.2996	1.2073	2.6995	-0.6773
0.6602	0.0157	2.0223	0.3763	1.9957	0.9845	-0.7311	0.8864	0.3321	-1.6325
1.1454	1.1533	-0.4530	0.9402	0.9112	-0.7833	0.4695	1.1499	-0.6915	-0.7942
0.4946	2.6381	0.7332	-0.4469	-1.0922	-0.3695	0.1949	-1.8942	-0.5043	0.3756
-2.7727	-4.2982	3.0404	-1.3802	0.4373	0.0598	0.0278	0.5872	0.4861	1.4622
-0.8779	-1.1796	-2.5331	1.3178	-2.6554	1.2895	-1.1959	-1.1941	-1.3080	0.8822
-0.1358	2.4321	1.3832	-0.3303	0.2875	2.5488	-0.9923	0.1736	-1.5598	1.1700
-1.1444	-2.2953	-0.1173	1.1076	1.4392	-0.0743	-1.3558	0.6601	-1.4963	-0.4916
1.8492	1.1951	-2.5404	0.3397	1.2475	-2.8953	-0.4178	-1.5762	-0.1641	1.7078
-2.3515	-4.3418	-0.4601	0.1210	-2.4515	0.6171	1.7802	-0.7893	-0.5838	2.5596
2.3727	5.9756	-0.4440	-0.0252	-0.2900	1.3351	-0.3332	-0.9614	0.3082	-0.8448
1.0618	1.2595	-1.7758	-0.9259	0.8440	2.7047	0.2780	0.8543	-1.9835	-0.0255
3.3306	3.3906	-0.1471	-0.1289	0.8664	-0.0029	-0.1983	0.0180	0.8851	0.4082
-1.3583	-2.2178	-0.2597	-0.0585	-1.3815	-1.1247	0.1041	-1.1848	0.6827	-1.1579
-2.1998	-3.7032	1.3507	0.9913	0.5793	-0.8224	0.4920	0.6872	2.7714	-0.0925
-2.6678	-5.8156	-1.0320	-1.8540	-0.3154	1.5995	0.1321	-1.5831	1.0973	-1.8226
1.8891	3.0831	-2.5434	0.6363	0.4886	-0.6645	-0.0577	-1.3279	-0.7214	-1.1488
-1.9192	-4.1109	0.4075	-0.6703	1.2981	-2.1712	-1.0989	-0.1315	0.0973	0.7530
-0.5860	-0.4226	-1.1590	0.5784	-1.1839	-0.8611	1.4945	0.3300	-0.8690	1.6586
-1.0287	-1.3019	0.9643	1.5516	-0.7458	-0.2570	2.1433	-1.8612	0.4723	-0.4582
-2.6903	-3.5943	0.6472	-0.8665	1.2871	-1.6568	0.7229	1.5541	1.0954	0.3792
-1.2928	-2.3731	-0.0526	1.5062	0.1650	-0.1212	-1.5511	0.7163	1.5067	-0.9692
-0.4318	-1.0763	-0.8372	-0.0312	-1.9266	-0.2152	0.4587	1.2456	-3.5173	0.0019
2.7524	5.9011	0.8924	-1.2679	-0.8745	1.3585	0.9770	-2.0076	0.2506	0.8966
-4.3042	-7.6416	0.5073	0.0631	1.7718	-4.8265	-0.3978	-0.5695	1.2424	0.1278
0.9780	1.8848	-2.0952	-2.1394	2.3213	-0.5540	-0.4116	-1.3036	0.9656	1.2522
-2.6339	-2.6799	-1.7459	-0.8761	0.2169	-1.4741	-0.7497	0.4515	3.5968	-0.0177
-1.5011	-2.5081	-0.5171	-0.7044	-1.9579	0.0465	-1.1492	0.1950	0.8664	0.6939
1.8259	1.6944	-2.1503	-0.8625	-0.7071	0.4943	-2.1937	-0.1563	-0.6728	-1.2160
-0.2179	0.5915	-0.5389	0.9621	-1.4371	-2.3625	0.1549	1.0949	-0.6089	-2.0040
1.5198	1.6548	1.2869	-2.4629	0.9972	-0.9159	1.3105	1.3201	-0.9830	-1.6971
1.2159	0.7412	1.0112	1.4500	-1.0200	0.7395	0.8398	-0.1456	0.8784	1.8499
-2.4900	-4.4762	0.1126	0.5645	2.5645	0.4749	0.3453	-0.3279	-0.0818	1.6169
0.4063	-0.3423	-2.3678	0.6877	-1.9567	1.2767	-1.3922	-0.1034	0.9629	-0.8891
-1.3200	-0.0935	-0.1292	0.1845	3.5603	1.9598	0.1522	-1.3224	2.6666	0.6025
0.6098	1.1618	-0.4454	0.8208	-0.7908	1.4282	-0.8041	0.4004	2.2241	-1.5144
0.7128	1.6293	2.3281	0.8759	2.0554	0.3690	0.0915	-1.5801	0.5839	0.6412
-0.3161	1.3222	-1.5475	-0.0920	0.9179	-1.6572	-0.3923	0.5393	-1.2380	-1.1123
1.8815	3.5435	3.1957	-1.0233	3.0847	-1.3993	1.5740	1.3664	0.5370	0.1712
0.9182	1.8727	0.4883	-0.6298	-1.9112	-0.6071	-0.5295	-1.4025	1.5292	0.4120
2.3909	3.6784	-0.8580	0.8886	1.3185	-2.4903	0.3106	-0.7847	0.6826	1.3874
2.2966	5.4341	-0.7820	-1.2269	-1.1907	3.4056	-0.6447	-0.2284	-1.2045	-4.0263
0.5831	-0.3349	-0.2953	1.9464	-0.3617	-1.5857	0.0513	-0.8821	1.8785	1.9897
0.6425	-0.6525	1.2252	-0.7790	0.6071	-1.5840	-0.5059	-0.5382	-1.4053	-3.1161
0.9381	0.2987	-2.3680	0.3159	0.9504	1.3332	0.4701	-0.9163	1.3541	0.9445
2.3365	3.8431	0.5045	1.4739	-0.4028	-0.4782	-1.6321	-2.2367	-0.5023	-1.2437
-0.6686	0.3795	-2.0555	0.0693	-0.4714	-0.5159	0.8148	-0.3888	-1.1330	-0.2952
-0.9317	-1.6888	-0.8011	1.3491	-0.5918	0.5409	-1.0924	0.1456	1.3946	0.3338
-1.7605	-1.8509	-0.9568	-2.0084	-2.2807	-0.1478	-0.8584	-0.1134	1.9453	-0.3352
-2.2146	-2.0578	2.0953	1.6986	1.2256	-1.9820	-0.8182	-2.1516	-4.7941	-1.6811
0.1698	1.6636	-1.6064	-0.3742	-1.5663	-1.6817	-0.5855	-1.8113	0.4812	-1.5373
0.8909	1.3880	-0.5033	2.2674	1.9216	1.1512	-0.5491	0.9809	-0.3476	0.0499
0.7873	1.7150	2.3997	1.5588	2.0510	-0.3427	-0.8434	-1.2687	1.4178	-0.7396
1.3232	3.5978	-1.0344	0.5727	-1.6780	0.6600	-0.5260	-1.9562	-2.0850	0.8014
0.4791	2.1973	-0.7316	-1.0960	0.8944	-1.0978	-1.7263	1.6639	2.0423	0.9158
2.7237	5.5094	0.6363	-1.0789	2.3622	0.3110	-1.0145	-0.6030	-1.4832	0.6050
3.1383	4.5391	-2.6399	0.7702	0.2735	1.6019	-0.0601	1.0744	-0.3927	-0.0511
0.6154	1.1692	-2.6505	-0.7078	1.6660	-1.1522	0.2468	-0.1844	-1.1699	1.3274
-3.0182	-5.6122	0.4728	-0.6070	-0.4283	-0.9905	-0.3265	1.2169	0.4116	-0.9423
0.7661	1.1392	0.0426	0.2163	-2.0124	-0.8052	0.4735	0.2959	1.6179	0.7829
1.5888	1.2221	-2.1197	-0.8212	1.3325	-0.1474	-0.0558	-0.2507	3.0587	0.0434
-2.2297	-2.6885	2.5219	-1.4030	-0.0723	-0.0770	-0.7846	0.5071	2.7783	-1.1518
-3.5881	-7.0800	-0.7878	-2.0560	-0.8432	1.3909	0.1308	0.1240	0.7041	0.0046
0.2374	-0.5053	0.7252	0.1474	0.0413	0.4958	-0.1497	-0.3304	-0.6314	1.9492
-1.2614	-1.0968	2.1219	-1.8028	-2.1694	0.4293	-0.5809	-0.9593	1.7574	-0.8948
3.3778	3.1859	-3.7560	1.0287	0.5538	-0.2512	-0.1309	1.8487	1.8354	-1.5560
-0.6407	0.2448	-2.7107	1.2977	-0.0533	-0.5417	1.4488	-0.2980	-1.5632	-0.4536
-0.5806	-0.3608	-0.0039	-1.2577	2.3464	2.9455	2.6370	0.6009	0.3141	1.8281
-1.4116	-2.2094	-0.7677	-1.0351	-0.4822	0.1439	-0.0891	0.2752	0.2805	0.3133
1.2385	1.5861	-1.0777	0.1326	1.2595	-1.3733	-1.5016	-0.7701	0.2455	0.3983
0.4111	-0.4127	2.3134	-0.2099	-0.1576	0.4887	-0.2212	-0.6208	0.3903	-0.2787
-1.9240	-2.6424	0.3083	0.8863	-1.4325	-0.5340	-0.7411	1.3671	-0.2814	0.4054
1.3423	3.1567	-0.7966	0.5994	0.6449	0.7358	0.0848	-0.2693	0.7065	0.7796
0.4184	0.0193	1.8411	0.4913	-0.8853	0.0616	0.3665	-0.6807	0.7606	1.3195
-0.3926	-1.6640	-0.4288	-0.6296	0.3894	-1.8072	-0.7514	-0.1225	0.5615	1.4264
-0.6618	-2.5184	-0.2629	0.2864	2.6008	0.5646	0.6641	0.4340	1.8091	-0.4803
1.1454	3.6848	-1.1394	0.4146	1.1672	-1.2498	-0.2176	-1.6231	-2.6636	2.2299
2.8261	4.1221	0.1716	-1.6790	-1.8984	-3.7978	0.6419	-2.6869	-2.1973	0.2439
3.3327	3.5039	1.7885	1.0002	-0.9056	1.1821	2.4793	-0.2185	0.8476	2.1418
0.1382	-0.6825	2.7352	1.7403	0.5186	0.1240	-1.1309	-0.8257	1.4791	-0.5622
-3.7790	-5.4842	-1.5832	0.8446	1.2213	-0.5045	0.5514	-1.5699	0.1220	-0.3941
0.4708	1.2718	1.3224	0.0983	0.8701	1.7440	-0.7184	0.5839	-1.3600	-0.6741
0.3329	1.8460	1.0315	-1.1350	-2.4561	-0.5159	0.9132	0.2886	-1.1186	-0.8527
-2.3322	-2.7500	1.2400	-1.0118	0.9256	1.1438	1.4929	-1.4244	1.2806	0.5864
-0.9617	-0.0039	0.5226	1.1533	-1.6075	0.1908	-0.7550	-0.5719	1.2787	0.0566
3.2031	3.9793	-1.2070	0.6390	2.0386	-0.9029	1.0332	-1.1818	4.0639	-1.6714
2.4016	2.9473	0.3711	-1.3441	-0.4939	-0.0143	0.3419	0.7186	-0.0532	-1.7794
-0.7158	-0.7266	0.3388	1.1640	-0.5782	-2.2713	1.1861	-0.3255	0.4723	-3.3479
-1.1560	-1.6226	0.4262	0.1821	-0.5629	3.2562	0.8796	0.5437	0.0109	0.4304
2.0699	3.3842	0.8557	1.1591	-1.6465	-3.9684	1.0861	0.7452	-0.5061	0.7699
1.7994	2.1349	2.3470	-1.3569	0.9473	-2.6924	-0.5070	1.1095	0.6727	-0.0650
0.0646	-0.2367	1.3988	0.7335	-0.8610	0.5971	-1.2515	0.9756	-0.9189	0.1895
0.6587	1.4812	-1.6012	1.2030	0.2674	0.0156	-1.5853	-0.6102	-0.1900	-4.0533
-1.5263	-1.0648	1.6696	-0.9533	1.2643	1.4424	0.8161	-1.1814	-2.1185	2.6189
-2.1166	-4.8482	-1.7465	-1.2864	-0.8471	-1.1020	-0.1319	-0.3045	3.7410	-2.7090
-2.4347	-4.0987	-3.1732	-0.1607	1.2343	1.2933	2.0173	-0.8357	-2.5903	-0.4330
1.5556	1.2194	-1.4371	0.2118	2.6107	-1.6942	-0.1451	-1.6632	-1.2925	0.6113
-1.2874	-3.1331	2.1011	-1.3043	0.5173	-0.6563	-0.1515	-0.6038	2.6069	-1.7180
0.6619	1.6817	-2.0759	1.8509	0.7129	1.2791	-0.1927	-0.0202	2.0329	4.7140
0.4977	-0.3507	-3.5700	0.8196	0.1008	0.5607	0.0091	0.4095	3.2037	1.1089
1.3642	3.0155	0.2259	-1.2728	-0.5443	-0.8495	-2.1086	-0.3310	2.2449	1.7612
-0.4071	-2.3214	-1.8840	-1.1759	-1.7764	-2.1866	0.7442	0.1793	-1.3671	-0.4175
-1.6996	-2.9853	2.3283	-1.5139	-1.1193	-0.9797	-1.4482	0.2333	-1.0687	-0.2188
1.6123	1.6693	0.7430	-0.6663	-0.1100	-0.2675	0.5767	-1.2513	2.5584	-0.6395
-2.9361	-4.2006	-1.0146	-1.3900	2.0650	-1.0192	0.7465	-0.3192	-0.0688	1.4993
3.8839	7.7702	-0.3035	-2.3141	-1.7699	-2.4911	-0.9222	0.5455	1.7973	-0.5299
-0.5143	-0.8139	1.1267	0.9903	-0.0005	-1.3824	-0.1497	1.3135	0.0512	0.1107
1.5792	2.2218	2.6762	-0.6549	0.6086	0.3535	-1.0917	-0.6138	-0.1343	0.0998
-0.1187	-0.9340	1.1607	0.8224	-1.3661	2.3841	-0.9987	-1.6779	-1.2814	-0.6770
-2.2527	-4.0156	0.3955	-0.8197	-0.3373	-0.4945	-0.7038	0.4097	-0.5617	-0.9664
-0.4215	-0.7363	-2.8319	-0.6869	0.9977	-1.3245	-0.5665	-0.1247	-1.9884	-1.2440
0.3302	1.3492	-2.1275	0.8071	0.6927	-2.4760	0.6225	0.9042	-2.0508	-0.5460
2.0339	2.1578	-1.4927	1.5550	1.3931	0.0482	0.9753	1.0517	-0.5579	2.1007
-0.4842	-1.0020	-2.0529	0.9473	0.4996	1.6662	1.2000	-0.9490	1.9376	2.2494
0.9720	0.9092	2.3693	-1.1939	0.7876	-0.0324	-0.2071	2.6114	1.2907	-1.3464
-2.1167	-2.8623	-1.1861	0.8422	2.3135	0.8149	-0.3387	-1.1594	0.7429	0.8987
-1.5179	-1.4315	0.0338	-1.0324	-0.7193	-1.2988	-0.4095	1.2754	-0.3938	-1.1679
-0.6256	-1.2232	1.5839	0.2671	-2.3318	-2.1512	0.1834	0.4326	0.6006	0.1314
0.5983	-0.2418	0.1195	-0.9329	1.0311	1.5266	-0.3469	-0.1906	-0.0958	0.9407
2.5499	3.0610	2.5975	1.1672	0.5813	2.0071	-0.7390	0.4876	-3.3027	2.6565
0.5696	-1.0585	0.4529	0.8107	0.5873	0.7814	0.3374	-0.7199	0.6344	-0.0932
-1.9285	-4.7115	1.8959	-1.8584	-1.0844	-2.3609	-1.0231	-0.7894	0.0643	-0.7269
-0.4991	-0.7214	0.4067	0.2912	1.4017	0.1958	0.0288	0.8084	-0.1939	1.1424
-0.1769	0.9992	0.5555	0.1366	1.1075	-0.3277	-0.5401	-0.4519	0.9968	0.7931
1.1382	2.2071	-1.2921	1.0134	0.3658	-0.2023	0.2395	1.0379	1.3167	0.0660
3.5419	5.1531	0.0275	-1.7902	4.4847	-0.4077	-1.8055	-0.4371	0.5685	0.1927
-1.4641	-2.8726	-1.2003	0.0860	0.5533	-0.7983	-1.5112	-0.2234	-2.4649	1.1848
2.3205	4.6870	-1.6307	-0.8178	0.8296	2.6012	1.2679	1.3226	-1.3615	0.0471
-0.1218	-0.0260	0.1701	0.8194	1.9378	-1.3816	-0.6457	0.8442	1.2346	-0.0334
-1.2278	0.0384	-1.3791	-0.7936	-2.4472	2.0103	-1.9705	-0.8638	3.3278	0.3055
-2.1529	-3.0638	-0.4083	-1.3344	2.0829	2.0602	-0.8178	1.0268	-0.2407	-0.0676
-0.4272	-2.5037	1.3175	-2.2272	0.5020	-0.8212	-1.1041	-0.7413	-1.4081	0.8772
1.7512	2.7925	1.6595	-0.9323	-1.8119	1.3065	0.5124	-0.1825	-0.2723	-0.3308
1.9441	4.1279	0.1932	-1.1900	0.4718	-0.3834	0.6595	1.7173	-0.3103	-1.1803
1.5036	1.2140	-0.2734	0.7262	-1.9508	-0.4547	-0.1799	0.0508	-0.7490	0.3363
-2.5395	-2.7053	-1.6365	0.4374	0.7132	-0.5225	-0.5679	-0.0498	0.0364	-1.5148
-2.0982	-4.6126	-1.8282	0.0089	-0.1330	0.5487	-1.5897	0.3089	-0.8912	0.8532
1.0496	0.2312	1.5140	0.9504	-1.0245	-0.8139	1.5471	1.9217	-0.8007	0.8510
-2.1033	-4.2742	2.4411	-0.0769	0.2233	1.4456	-0.8701	-1.1578	0.1108	0.9947
-4.0427	-3.6691	0.7154	-0.3473	0.8284	-2.9335	-1.4147	-1.0338	0.8398	1.2110
-0.5184	-2.1427	0.8627	-2.1637	-0.2752	-0.4181	0.1985	-1.9773	0.6574	-1.2010
0.9086	0.2315	1.4703	-0.0649	0.9551	2.4522	0.0668	-0.5091	-0.4838	-1.2005
4.9460	7.5571	-0.6245	0.3293	-1.6452	-0.1890	-1.1372	0.9420	1.2469	-1.5168
1.2815	3.8464	1.5387	0.1800	-0.6765	-1.2524	-1.3787	1.9761	1.1546	-0.9957
-0.7055	-0.1167	-0.4933	-0.3127	-0.6030	1.1428	2.1984	-0.3776	-1.8227	-0.5155
-1.7140	-2.1547	-1.0043	-1.8297	-3.5146	2.4440	0.0240	-1.8510	-3.0964	-0.2581
-0.5633	-0.7746	0.4409	-0.4320	1.7335	0.6724	0.8711	1.3032	-4.8770	-0.7928
2.0180	3.2074	0.3159	0.7242	-0.1321	-3.0957	-0.7487	0.9599	-0.5067	-1.6354
2.0205	2.4745	2.3445	-0.3970	-2.5204	-1.3682	-1.1403	1.5915	-3.3080	-0.0678
-1.4852	-3.6020	-1.9860	0.6508	1.8600	0.6917	1.2921	-1.0605	0.3705	-1.0931
0.4623	0.9938	1.2542	-0.0177	0.7258	-0.0371	-0.6561	-0.2695	0.4093	0.5704
2.7170	5.4408	2.3471	-2.1530	3.2029	0.9722	0.3380	-0.5153	1.6605	-0.0255
0.0990	-0.0932	-0.3817	-0.3302	3.2063	-2.0304	-0.8563	-0.8400	2.4120	-1.2936
1.6980	1.8107	-1.1954	0.3298	2.7807	0.2983	0.0770	-1.0245	0.1834	1.1303
-0.6286	-0.9362	-1.1466	-1.3338	-1.1000	-0.0775	-0.2343	-0.4657	0.7537	-1.4923
0.5553	0.4097	-0.3283	-0.6554	-0.2773	0.3049	-0.4822	1.3864	-4.7298	-0.8244
-2.1459	-2.0066	0.3123	-1.8898	-0.9233	-1.7846	0.1842	-1.8647	-1.4174	-0.7863
-0.4877	0.2840	0.9668	1.8772	0.7524	-2.1431	1.1828	1.8561	1.8719	1.4525
0.6655	-0.2399	-0.9338	-0.5207	2.5982	-0.4575	0.0421	-0.3477	-0.5265	1.5293
-1.7336	-2.2364	1.9531	0.9053	-1.4714	0.7911	0.7887	1.4378	-1.7990	-1.3517
0.3061	0.7562	0.4342	0.0393	0.8248	-1.3701	-1.1471	-2.0533	1.9005	1.2821
2.3895	3.4876	-1.5464	1.7679	0.7721	2.2776	-1.2813	-1.3366	-1.0501	-0.9390
-0.3472	-0.7812	0.1519	-0.0318	-1.0664	-1.8679	-1.3298	-0.5262	-2.7161	-1.8942
2.9936	4.8354	-0.2999	0.3627	0.3114	-1.9906	0.5745	-2.0156	-0.3512	-1.1810
-1.8980	-4.0459	1.2763	-0.9397	0.2833	-1.6614	-0.7041	1.0666	1.6441	-1.2407
-2.6686	-3.8061	-0.5500	1.3065	1.4917	-3.1197	-1.6497	0.5019	-0.1725	0.3881
0.7092	1.3244	-0.1493	0.8227	1.4846	-3.0182	0.4094	-0.1385	-2.0045	-0.4198
-0.8268	-2.9163	1.6689	1.8076	1.9906	-0.8833	0.4881	-0.6913	1.6994	-0.3223
-0.3573	-0.5916	-1.2985	-0.6585	-1.2964	-1.2030	0.5001	0.2687	-1.1257	0.2873
-2.1548	-3.4465	1.1396	0.5954	-0.0739	-1.2434	-0.3875	1.4981	0.6629	0.1483
-1.9078	-3.6384	-1.2824	-0.4488	-0.3425	1.6532	0.1463	-0.9613	-1.0137	0.1432
2.4620	2.3993	2.2170	-0.0861	-0.6594	-2.9916	-1.6617	-0.1226	1.5849	2.4061
-3.0329	-3.8038	0.1189	0.8290	-1.3564	-1.2133	1.2440	-0.2857	-1.9001	0.7455
-0.7894	-0.0338	3.7571	0.2664	0.1767	0.7496	-0.9576	-0.6467	-0.2162	-0.3366
-0.3387	-1.9969	-1.3805	-0.4789	0.4395	0.3208	-0.0283	-1.1100	0.7240	0.5872
1.3981	2.4175	-0.7526	-0.4862	-1.5507	-0.7971	0.8973	1.1629	-2.1863	-1.5755
2.1171	2.6920	-1.4074	0.4904	1.3111	-2.5580	2.7025	-1.3639	-0.8663	-1.4815
-2.0624	-3.0021	2.2405	1.1053	-0.2476	3.5622	-0.1190	-1.2112	-2.7360	-1.5846
1.6188	3.6909	-0.7790	-0.1999	0.1628	-1.7788	-1.0935	0.3686	1.1660	-1.5740
2.9022	3.4560	0.4461	0.4760	-1.8539	-0.5448	-0.0861	2.4874	-0.4233	0.3524
2.9193	4.2909	-2.1145	0.0492	0.9279	2.8069	-0.7916	0.4929	-2.2499	1.0779
-0.6420	-1.8164	-0.7056	-1.6501	-0.4760	0.2220	-0.2803	-0.9224	0.5092	-0.4681
0.9859	1.3773	0.2173	-0.0974	0.2961	0.3753	1.6008	-0.4594	2.2039	0.3905
-2.3216	-3.8408	0.2593	-0.3317	-1.4667	-0.1876	1.1129	2.5331	0.6072	-0.6647
-1.9250	-3.3519	-1.3573	0.0880	0.7774	-2.7421	0.9300	0.7204	-0.7926	0.1880
-1.8327	-0.8472	-1.0276	1.3732	-3.3642	-0.8539	0.3713	-0.2440	0.5383	0.3994
-1.4884	-2.5757	0.0537	0.2856	1.7717	-0.1569	-1.0349	-0.8333	-0.8184	-0.4853
0.0191	0.8765	-1.4806	0.7499	-3.0605	-0.9190	-0.2074	0.4900	-1.8942	-1.0275
-1.4410	-2.8231	0.6888	-0.9817	0.2097	-0.1913	0.3633	1.0747	0.5608	-0.8127
0.3927	-1.8090	1.6260	0.6411	-2.6658	1.7421	-0.2369	1.8125	1.7565	4.2656
1.7805	1.2678	0.7987	0.3128	1.1460	-2.2906	0.4750	0.5697	3.5287	-0.2680
2.7588	6.2358	0.9697	-2.6381	-3.3001	0.7296	-1.2043	0.0702	-0.8479	1.5017
-1.2966	-2.7375	3.7222	0.7285	0.9192	-4.3101	0.3634	-0.3663	0.6896	-0.1661
0.2197	-0.9463	0.6411	0.0469	-1.4319	1.1470	-0.9508	0.8791	-2.7084	-0.2769
1.8191	5.0437	-0.8627	0.8485	-1.4781	3.4511	0.8150	-0.2198	-2.6298	-0.5441
0.5633	-1.4391	2.1055	-0.5776	-2.6046	1.1700	-0.7641	-0.1886	-0.3379	0.5485
-3.0415	-4.4863	-0.7700	-1.0099	3.9537	0.1124	-1.3256	3.5683	-1.3553	1.2094
2.0639	2.7546	-0.3056	-0.5082	2.2889	-1.5098	1.2709	2.5388	3.0305	-0.4477
0.3971	1.9538	-0.9211	-0.6359	-2.6631	-3.0883	-0.5541	-0.7059	-1.8114	0.4089
1.3341	0.5787	0.7203	-2.2307	0.8866	-0.7886	-0.2580	-0.7335	-0.1023	-1.7426
0.3320	-0.2779	1.3405	-1.3297	0.6298	-1.8360	-1.1795	1.1212	-2.8141	-0.8403
-2.1484	-4.8451	1.3036	-1.3470	2.2683	-1.5447	0.5955	-0.9671	1.3976	0.8555
-1.8035	-1.4563	1.0972	0.3654	0.7694	2.1095	1.6254	0.2746	2.2125	-0.1674
-2.5300	-2.5936	-0.4009	0.9070	2.7675	-3.2141	-0.3798	0.0336	1.1664	0.8152
-0.0758	-1.7778	-0.7696	-0.3493	0.3379	0.2592	-0.6571	-0.2882	-0.3541	-0.8245
-1.7589	-2.7782	-1.7343	1.4092	-0.8954	0.6954	-0.3667	0.2838	-0.1120	-0.9949
2.8276	3.3183	0.7604	2.8557	1.5020	1.0635	0.6645	2.3027	2.6216	-1.2083
0.0700	0.1096	1.9711	0.1540	-0.3936	0.3558	-1.0560	-1.9948	-0.8153	-0.3993
1.6147	1.6066	-0.2267	1.2123	2.9226	-0.8523	-1.3873	0.8986	0.7497	0.6890
-0.0102	-0.1189	-1.6158	0.6595	0.4303	-0.0089	-1.2528	-1.5807	-1.8719	1.5358
-1.1140	-2.2733	-1.5623	0.2106	0.2913	-2.1631	1.4579	1.1925	-1.4638	-1.2519
-0.2597	-0.0292	0.5588	1.2321	1.1530	1.0463	-0.2231	-0.5078	2.3163	-0.0522
-0.9500	-1.3078	2.8298	0.0635	2.4895	1.9306	-0.5278	-1.0933	0.5114	-0.8144
1.3861	1.0826	0.9357	0.7110	1.9461	-0.2913	0.0138	1.5504	0.1472	-0.4483
0.6771	-0.4166	-1.4226	0.8864	2.4295	-1.8615	-0.1958	0.2622	-1.7010	-0.3256
3.3843	4.2007	1.0372	-0.9054	0.8771	0.8910	-0.7811	-1.1506	1.7725	-0.3086
0.4496	-0.2466	-0.9271	2.1147	-0.3547	0.4407	-0.4723	0.2614	0.8069	1.4196
2.3795	3.7390	-2.7328	-0.6812	2.7408	-0.0242	-0.1685	-0.2406	1.9716	-0.0024
0.4385	1.7174	0.5248	-1.5011	-1.5696	0.9550	-2.2880	0.0803	0.8573	0.2937
0.7389	0.0088	-1.2137	0.5501	-1.6914	0.4643	2.2005	-2.3167	4.1735	-0.3081
-1.6331	-3.4888	-1.2509	2.0325	0.3972	0.6428	-1.1050	0.2759	0.7164	-0.0204
1.7718	3.4559	0.6385	0.7385	2.0410	1.1929	1.4464	-0.0618	-1.6469	0.5942
2.0647	2.6299	-1.1202	1.4229	-0.3259	-1.9264	0.3872	0.0312	-3.1710	-0.6695
-2.9147	-4.3326	0.7498	4.3269	3.9827	1.0896	-1.2863	-0.6558	1.1959	2.2614
-2.3555	-4.2221	2.4467	0.4120	2.4702	3.1975	-1.1871	-0.3867	-1.7802	1.7985
1.3445	2.3193	-0.3907	0.1185	-0.7947	1.5611	1.1040	-0.9764	1.7339	-0.3017
-0.9542	-3.1479	-0.6672	-0.2135	1.7897	-0.4867	3.0036	-0.7424	1.6388	0.3621
1.7239	5.1970	-1.6045	1.0614	1.5196	3.6818	0.4582	1.4342	0.0142	-1.5240
0.8711	2.1435	0.1294	-1.1310	-0.5742	-1.5308	1.0185	0.1260	3.0656	0.6815
1.5036	4.3276	1.2369	-2.0932	-0.5064	0.2262	-0.2053	0.5449	-2.3604	-3.5618
-0.4360	-1.9290	-2.2008	0.2282	-2.9537	-0.4473	-0.0339	-0.8856	1.0279	-0.4794
-3.3448	-2.6918	0.5463	0.8884	0.8554	-1.4390	-0.0869	-0.2155	1.3994	1.2732
-1.2779	-1.2923	-2.0586	-0.3262	1.3628	-0.9593	1.2663	-0.6227	-0.7353	0.4301
0.9257	-0.0852	-1.6830	2.0049	-0.8901	2.4747	-0.8133	0.3769	0.7549	3.5966
1.7685	2.4966	1.4315	1.4029	0.0453	0.9263	-0.2015	0.9652	0.3189	-1.5875
-1.1496	-0.8376	0.9678	0.9762	0.1398	-1.9420	-0.0247	-0.7955	-2.2642	0.8824
0.7866	2.3503	-0.6763	0.1615	-0.6540	1.9140	-1.1381	-0.2545	-2.4465	-1.0470
1.6010	2.4806	2.9364	-1.3274	-0.4006	-1.0702	1.4761	0.2059	2.7420	-0.3161
0.3770	0.7354	-0.1586	-0.0601	-0.8723	-1.6247	-0.2434	-0.6531	2.6452	4.0992
1.8234	3.3077	-0.7269	1.2167	-4.0674	-3.5974	0.2281	0.8673	-0.2959	-1.0989
1.3817	1.8254	-1.3332	-0.5272	0.0632	2.2816	-0.6462	0.2227	3.8003	-1.1570
-2.8042	-4.4532	0.7481	0.4309	0.2289	-0.1603	-0.0730	3.7748	1.2469	-0.1664
-2.1451	-4.2592	0.3330	-0.1719	-0.2882	-1.3482	-0.1297	1.4747	0.6973	1.4514
2.5330	3.0265	0.5716	0.5582	0.9045	1.1472	1.7905	-0.2575	3.4046	-0.2081
1.8931	3.5035	3.7140	-2.6457	-0.2356	2.4246	-0.9200	0.6669	2.4295	1.8531
-1.4538	-2.0027	-0.0453	0.4764	-0.6105	2.5892	1.1872	-1.3179	-0.5041	0.5815
1.3772	1.3466	-1.6237	2.0253	0.8907	1.8230	-0.0344	0.4889	1.9078	-0.9918
1.1448	1.9004	1.2597	-0.5010	2.0548	3.2087	0.8094	1.5778	-0.4231	-0.9133
-1.4617	-2.8133	-1.3721	1.1239	1.6160	-0.8935	0.1404	-2.2471	-0.7977	0.4906
-1.9567	-3.2540	-0.2573	-0.8349	-2.0497	-0.4114	0.4742	0.6516	-0.2977	1.8941
0.1880	-0.4794	-1.3691	0.6124	1.1722	0.8502	1.1412	1.5307	-3.3012	1.2051
-1.2405	-2.5058	0.5429	0.0981	-1.3544	-0.1567	0.5508	0.5023	0.9868	-0.9788
-0.6357	-1.4930	-2.3407	1.0010	1.6386	0.1469	0.5601	-0.7245	-2.7331	-1.1171
-1.9116	-3.5840	-0.5511	0.2421	-0.6279	-0.6118	1.1306	1.0113	-1.2644	-0.6022
1.2221	2.4041	2.6288	2.2133	1.4921	0.4029	-0.5070	0.8876	1.8849	0.1776
-1.9789	-1.9798	1.1692	-0.0164	-0.8141	0.4110	0.7577	-0.3360	-0.0853	-0.7134
-0.8942	-0.3964	1.1911	0.0544	-2.2382	2.4327	-0.3743	2.7383	-2.1955	-0.5719
0.7344	0.1306	-1.6519	-1.0101	0.0532	0.4198	-1.2786	-1.5410	-0.5398	-1.1045
1.0836	1.8698	-0.8066	0.9245	-1.1179	0.6463	-2.5325	0.7812	0.4080	1.4194
0.0022	-0.6135	0.5247	0.4140	0.4768	-3.1800	-0.1749	0.0513	-1.3618	-0.8195
-2.8801	-5.2633	0.6474	-0.7708	1.5896	2.7381	-1.2746	2.7633	-1.7961	0.2285
-0.7467	-2.8337	3.7734	0.2331	-0.1710	1.2682	0.3398	-0.7943	2.4169	-1.5335
0.0383	0.2357	1.4512	0.0706	-1.8883	0.7658	-0.5082	0.4920	-0.1284	-2.4323
0.3854	2.3474	-0.4783	-1.2381	-0.4206	2.6977	-0.4842	-0.3163	0.2319	2.2863
0.6986	1.0534	-1.7056	1.2941	0.0795	-2.8418	-1.8444	-2.1359	-0.1088	-1.5510
3.7356	4.3039	0.4453	-0.2370	-0.1379	2.3142	0.1113	-0.0262	-2.6654	-1.3792
1.5881	3.7865	-1.2295	0.6363	1.6772	0.2864	-1.1325	2.1362	0.7839	-1.0847
-1.7977	-3.7465	2.4714	0.2306	-0.3489	0.5254	-0.3699	-1.7648	1.2252	-0.5914
0.5569	0.4844	0.8445	1.1903	-2.7036	-1.4833	0.8279	2.6972	-1.5309	1.0926
0.1409	0.4405	-0.1117	0.7000	-0.9153	-2.0810	0.0638	-1.1194	-1.8728	-1.3521
-1.2734	-3.6659	-0.4713	0.4682	-0.9038	0.5482	0.4675	-0.5745	0.3128	-0.6906
-1.5034	-2.9714	0.4591	-1.0309	-2.4652	0.8518	1.0435	-1.1505	0.0370	0.9935
4.7864	5.6820	-0.3901	0.2354	0.5004	-2.0875	0.7089	1.3150	-1.4124	-1.3457
1.3376	3.0137	-0.8337	-0.5580	0.6664	-1.1664	-0.3305	0.4978	3.1951	2.4815
1.5341	0.1314	-0.7240	0.5604	-2.5366	0.3278	-1.6197	-1.2949	-1.2949	-0.7134
2.5225	4.1311	-1.1723	-0.1209	0.7691	0.5531	-0.3887	0.4909	1.3803	0.9284
-1.3089	-1.0728	1.0637	-1.1752	1.9216	1.7425	0.4606	-1.2656	0.1776	0.8134
-0.0031	-0.2291	-1.2564	0.4897	-0.9713	-0.6346	-1.1567	0.4304	-0.2628	-2.9349
1.5384	3.6459	-1.9508	-1.0654	-1.6910	0.6662	1.2020	1.3807	3.0555	-1.9175
-1.6654	-4.8832	-1.9204	1.2446	-0.6760	-0.3530	-0.5668	0.4233	2.7136	0.9243
1.0947	1.1930	1.9266	-0.2854	1.1129	-1.7262	0.0962	-0.7695	-0.2397	0.0989
0.9947	0.7286	0.9470	0.3800	1.5222	2.6617	0.3053	-0.9954	-1.5680	1.8712
0.0179	-0.3163	1.0237	0.2113	0.6953	-1.7115	0.5244	0.3364	-0.5662	-2.5903
-1.0342	-1.0829	-0.3168	-1.0378	-0.1226	0.4394	-0.1154	-0.9759	-1.1612	-0.9248
-4.3914	-5.6884	-2.7380	-2.1824	0.0861	-0.0439	-0.4804	0.2070	-1.1225	0.8602
-0.5395	0.7293	-0.2217	-1.3365	2.8443	-1.1312	-0.9295	1.3084	3.1792	0.2676
1.4600	1.8409	0.4030	0.6583	1.1604	-1.9534	0.4757	1.2247	0.9209	-0.7399
-0.7670	-3.0905	-0.6956	-1.9382	-0.6738	2.3334	-0.1981	-0.1480	-1.8543	1.1618
1.6734	1.5753	1.8016	-0.1556	3.0676	-0.8426	-0.1721	0.5271	-0.7273	2.3669
-0.0179	0.0187	1.1966	0.5433	1.4717	-3.3207	-0.1214	2.2202	0.1786	1.7902
-0.9508	-2.6595	0.5256	-0.0914	-0.7840	1.5498	0.9647	1.3544	-0.7710	1.7560
-0.5951	1.0405	-0.2814	0.8721	-2.2344	0.2289	0.2785	-0.0206	3.3870	0.5301
2.1119	4.2350	1.4118	3.4650	1.4313	0.6198	-0.9839	-1.2763	-0.0096	1.2700
1.5783	1.6911	0.7434	-0.5403	-0.3502	-1.3019	-0.6484	-0.7188	2.2927	0.4018
0.8070	0.6911	-2.3695	0.6644	-0.9062	-1.4704	1.1410	0.7999	-1.1383	-0.0688
-1.6177	-2.1093	2.3597	1.6056	0.4252	1.1455	-1.1564	-0.3555	2.0496	-0.7454
1.1612	0.7463	-1.3312	0.3861	-1.4026	-1.9196	-0.4340	0.0367	-0.5537	-0.3124
2.4697	4.2376	0.8745	0.1985	-0.7039	-0.8102	-1.3984	1.3054	0.5980	1.0283
-2.0686	-2.1805	1.0114	-0.6348	0.0626	0.6427	1.8403	0.4680	-1.2950	-1.5941
-0.0752	1.4873	0.9146	-1.8100	0.1181	-0.6196	0.6562	-0.3314	-0.5918	-1.4723
0.2073	1.4898	-0.8277	-0.1788	-0.5864	1.8280	-0.0681	-0.4910	1.2669	0.2145
-0.6184	1.5132	-0.6734	-0.5660	0.0720	-0.7798	0.4612	-2.3727	2.1177	1.3658
0.6086	1.6433	0.1505	-0.7526	0.7918	0.1501	1.1958	-0.1414	0.7534	-1.1176
-1.6963	-1.7390	0.8034	-0.8064	0.8048	-1.3934	0.2786	0.7891	0.1334	-0.1325
-0.0117	-2.2570	2.2181	0.1755	-2.4960	0.9333	0.7593	-0.7774	4.0500	-0.3708
-2.0316	-3.5813	-1.0763	0.8243	1.8427	1.5780	0.2736	-1.8638	-1.7458	0.2907
-1.9069	-2.0468	-0.6124	-0.6137	-1.2861	-2.5800	-0.6461	0.0172	-2.3727	2.0999
-0.5410	1.0222	-2.8497	1.0761	-2.6215	0.3033	-1.0690	1.2744	1.6721	2.0073
-0.7775	-1.9471	-0.9319	1.3985	1.9410	-0.8966	-1.3623	0.4514	-0.0952	0.0934
0.6352	0.4261	0.2814	-0.1083	-1.0105	0.6662	-1.2158	0.5275	0.0391	4.1926
-4.0065	-7.4967	0.4522	2.0388	1.1255	-0.0415	0.3314	-0.2612	-0.6202	-0.5222
1.9677	2.7705	0.8421	-0.7997	-1.4398	0.2779	-0.8423	0.8951	2.4851	-2.2024
-1.8350	-3.1144	-0.1842	-0.2192	0.2795	-0.9736	1.4225	-0.0502	1.1347	0.7444
-1.4706	-2.3951	-0.2122	-0.7451	-1.0404	-0.0502	-0.9203	0.3377	0.7130	0.0826
2.8787	2.9155	2.3504	1.0509	-1.2638	0.5218	0.3095	-0.4265	-2.3169	1.8579
0.7251	2.2180	-0.3835	0.4127	2.4502	0.3139	0.7895	-0.6965	-1.4499	-2.1485
0.7490	0.8265	0.2728	-1.0487	-1.6908	0.3234	0.4049	1.3429	1.2070	0.8318
-0.8878	-2.3860	1.6399	-0.0034	0.4251	0.7205	-2.1454	1.1729	-0.4768	-1.9814
-2.5330	-3.5591	-1.0991	-0.4890	-1.9559	2.8174	-1.4822	1.8098	-0.8772	-1.7471
-1.6419	-1.6635	0.0322	0.6454	1.5601	-0.3847	-1.0336	0.0623	0.1401	-1.1021
0.7376	0.0852	-2.0354	-1.9772	0.8884	1.8879	-1.9485	0.6636	-0.2303	-0.7834
0.2345	0.7736	2.1917	-1.8927	-0.2042	-1.6622	-1.8550	3.4539	2.2880	-0.2267
-1.2660	-1.7702	-1.3619	-1.8413	-1.3015	-0.2498	-0.4442	-1.2152	-2.9443	0.9635
-1.3771	-3.0470	0.1703	-1.3728	-1.3561	-0.9001	0.2645	0.2186	0.9490	0.6780
-1.9830	-3.8517	-1.4944	1.0807	0.0946	3.4283	-1.0082	-0.2947	-1.9129	1.6353
2.7918	2.6136	1.2170	0.1268	0.6520	2.2872	-1.0990	0.6239	1.9072	-0.8382
-2.0681	-3.1107	0.4101	1.4657	1.5667	4.0080	-0.7021	0.0399	-1.3099	-0.1795
0.9428	1.2554	2.3582	-0.3409	1.8197	-2.5850	-1.2139	-1.8280	-0.7662	-0.5275
-1.2979	-0.3632	0.5667	0.9403	3.2514	-1.1040	-0.0312	-0.7431	-0.4469	2.5956
-1.9065	-4.4566	-3.4412	0.5438	0.3234	0.3458	0.5389	-0.5123	-0.1822	-0.4457
-0.2353	-1.0355	-1.1202	0.3770	-1.0821	-2.1455	-0.8230	-0.8406	-1.9688	0.3609
2.2401	4.4336	2.8736	0.1257	-0.7673	-1.1177	-1.3088	0.6192	-1.0805	1.7156
0.8216	0.6985	1.8381	1.3645	-1.0711	1.2567	-0.4781	0.5552	-1.1436	-0.4596
-5.0956	-8.7572	-1.5653	0.9591	-0.8758	-0.5912	-1.1610	-0.7350	-2.8374	-1.1302
-1.5136	-2.1658	-0.1813	-1.4146	-0.7923	-0.1705	0.8333	-0.3923	-0.5346	-1.6416
2.6249	2.8487	1.6439	1.0307	0.8074	0.9726	1.7153	-0.4935	1.0638	0.5014
-0.8132	-2.5324	0.9342	0.2070	-0.7241	-1.5704	0.0334	1.1955	0.4677	0.1317
0.9352	1.3901	-1.2768	0.4421	-0.4543	1.6950	-0.7572	0.3141	0.5488	-1.1680
1.0369	2.3424	0.9651	-2.5713	0.8647	-1.6780	-0.0667	1.3564	-1.9406	0.6430
-1.6737	-0.6317	1.1385	0.1974	-2.7837	0.4722	-0.2542	0.8142	-0.2859	0.1136
-0.6566	0.9833	-0.1340	-0.5763	-1.0537	1.6858	-0.4360	-2.2485	-1.1746	-1.5520
-0.7461	-1.2336	-0.5070	-1.7104	-0.3406	-1.9065	0.9825	0.8501	-0.2483	2.2017
-0.5530	0.1877	-0.6161	0.2806	-0.3188	-4.0134	0.5146	-2.7669	0.8468	-1.8291
-2.9457	-5.2950	0.2530	-0.4405	2.2872	0.3156	0.0935	-1.4166	1.7603	-0.4877
-0.8306	-1.2287	1.3285	0.2076	1.5055	1.7572	-0.9059	1.2475	-0.5439	0.7363
0.2487	0.6181	-0.7087	2.8200	-3.4689	-0.5136	-0.7065	1.3206	3.4165	1.2030
-0.1054	-0.2383	0.3494	0.6623	0.6147	0.6645	-1.0781	-1.3933	1.1137	-1.1305
-0.9581	-3.5006	0.0080	-0.8233	-1.6767	2.4617	-0.2409	-0.4237	-1.7524	0.2187
-2.1555	-2.8780	0.2983	-0.9613	-0.6818	3.7616	-0.2198	0.1337	-2.2847	0.4237
1.7756	1.8723	1.3662	-0.8306	2.5665	-0.2816	0.1999	-1.0954	-1.9615	0.1141
1.3193	1.5401	1.4329	2.1898	0.6536	-1.0449	-0.7814	1.7915	0.0058	0.7896
-1.5972	-1.0849	1.6293	-0.0127	-3.2088	-0.4058	1.0952	-1.0740	1.2770	0.3791
0.8266	1.4069	1.1970	-2.3331	0.4062	-0.4248	1.7887	0.7832	0.5534	3.1568
0.0505	0.3265	2.7957	1.3173	-0.6145	0.7363	-1.3009	1.1078	-1.0236	-1.2488
0.6152	1.1909	1.2995	-1.2643	0.4119	-3.3013	-1.3864	0.8686	-3.2844	-1.0373
0.1429	1.7242	-0.8412	0.0053	1.8792	-0.6600	-0.3605	-0.8397	1.8723	2.0026
-2.3768	-3.7733	3.4857	1.8559	1.1791	-0.9054	-0.8842	1.0718	1.4834	-0.9377
-0.9588	0.2330	0.2393	1.5316	-0.2220	-3.2819	0.3620	-1.4760	-2.1607	0.5275
-3.9860	-3.9892	1.7234	0.8057	0.0874	0.2650	-1.2587	-2.2400	0.0825	0.4228
2.1575	1.8553	-0.8193	-0.5630	0.1828	0.2223	-0.2977	0.2032	1.9789	0.3379
-0.8203	-0.7559	0.9148	-0.2780	1.4371	-0.3118	-0.0241	0.1627	-0.2745	-2.3255
-1.0474	-0.5524	-2.9630	0.1254	0.6409	1.2611	0.2465	0.1398	2.6743	-1.2429
-0.5060	-1.4780	-0.2550	0.1465	-2.8800	-1.3839	-0.6823	1.4345	1.8568	0.2515
-2.8289	-4.1148	0.7956	-0.7662	-1.6317	1.7569	-1.5405	0.1908	-0.9458	0.7934
3.8478	5.9070	-0.5635	-2.3378	-0.5001	0.3197	-0.2102	0.5113	0.0951	0.6454
1.6865	4.2302	0.9612	-1.3133	-0.9251	-1.3624	1.2954	0.0779	-1.6641	-0.1322
-2.0182	-3.9524	0.6690	-0.6102	-2.2852	1.8440	0.3636	-1.0968	-1.1010	-0.1902
0.4476	1.8521	-2.6320	0.6271	-2.4196	0.1871	-0.6650	-2.1380	-1.1422	2.1467
0.2640	1.9960	1.7162	-0.3927	-0.2542	-0.1133	0.4740	0.7673	1.7760	-1.2452
1.5230	1.9925	-1.0860	0.4429	1.9617	-2.4629	-0.4045	0.1783	-1.0630	0.4472
-0.6924	1.0557	2.0513	0.1844	-4.0944	-1.9522	0.9590	-1.9085	-1.4263	-1.0510
-2.2831	-2.7357	1.7895	0.5256	-1.2019	-0.7199	0.3489	-0.9620	-1.3517	-1.0622
-1.1672	-1.3821	-0.0578	0.4487	-1.9289	-1.2141	-0.1312	-1.7269	-1.4973	-1.4206
1.6367	1.8328	-0.6599	-0.4432	-2.6827	-0.1412	-1.8294	-0.4714	3.3795	-0.0885
-0.7484	-1.2853	2.7248	0.2981	0.6638	2.7859	-0.6952	-0.4878	-0.2718	0.3294
-2.9883	-3.4846	0.9203	-0.3372	1.4202	-1.6109	0.9850	-0.7574	0.1370	-0.3961
0.6043	2.4903	-0.4231	0.1190	-0.2618	1.5205	-1.6934	-0.0391	0.6904	2.0436
-0.3680	0.5433	0.9192	-0.7493	1.0257	1.2747	1.3903	-0.8110	0.9986	0.5993
-2.3621	-3.3736	-1.2120	-0.3014	0.3681	1.9657	-0.4179	-0.5010	1.1622	1.5201
-0.0437	-0.0964	-0.5903	-0.0195	0.3523	1.6872	-0.1847	-1.5496	3.4821	-1.0975
1.2695	1.7970	0.9416	0.3304	-1.5278	0.8368	-0.1630	-0.5236	3.0157	-0.5991
2.8821	4.6035	0.9791	-1.7368	-3.9850	1.2639	0.4978	1.4195	0.9732	-0.8064
-3.0543	-5.1194	-0.4590	1.2497	-1.6606	1.1987	-0.4750	-0.9215	0.4566	-0.8321
0.7376	0.4491	0.4527	-0.0359	1.7458	-0.0601	-1.1017	0.5198	-1.6512	-0.6531
0.7187	-0.2649	-0.2245	-0.3362	-1.9632	-0.0213	0.3441	-1.0580	-2.3915	1.1180
-0.8435	-0.3387	-1.5184	0.3876	0.8411	0.0158	-0.7234	-0.5098	1.8843	-0.0125
-2.7186	-5.2389	-1.4584	-1.5580	-1.2657	0.9410	-1.7604	-1.6874	0.4002	-0.4608
-0.4521	-0.4590	-1.4159	-0.2083	-1.4650	-2.4436	1.6422	2.0528	-1.4793	1.1459
0.9958	0.7133	-2.5857	0.0992	-1.2698	-0.1765	0.7472	-0.1003	-2.2891	0.8277
1.2938	3.7163	0.1522	0.1820	-1.7407	-2.3821	-1.2566	-0.8683	-2.3104	0.7377
-2.7598	-3.7529	3.4095	-1.4309	1.0875	0.3217	-0.6346	1.2895	-0.6820	0.1466
-1.2272	-3.4222	-0.4483	1.1013	-1.0136	0.2066	-1.0632	0.4252	-0.9900	-0.7557
-1.2112	-1.3401	-0.7735	0.7524	1.2456	1.8057	1.0600	-0.2375	-0.1758	-0.0748
3.6596	4.6165	-2.2663	-0.4564	0.3861	-1.1109	0.5790	1.2359	-0.5843	0.2626
-0.0459	1.3048	1.2742	0.7551	2.5705	-3.3659	-0.2485	0.2925	0.4516	-1.5878
1.1590	1.6550	0.9032	1.2800	1.2667	2.2742	-2.0986	0.7892	-0.8610	-0.2238
2.2977	3.0264	-0.1378	0.3407	-1.9497	1.3089	-0.7460	0.9359	1.2981	0.9102
-1.4167	-0.9292	0.3017	-1.4761	0.1485	-0.2261	-1.3766	0.7836	-1.2310	1.3972
1.0422	1.3728	1.2241	-1.1481	-2.2569	0.5059	-1.9383	1.3164	-3.8151	-0.2709
-0.0963	-0.8567	-0.3173	-0.1130	2.5777	2.3019	1.0058	-0.6690	1.8660	0.6956
2.4473	3.7728	-2.8675	-0.3519	-0.5124	0.7967	1.3272	-1.3157	-0.6949	2.3469
1.3832	1.8330	0.8704	-0.3390	-0.3270	1.1934	-0.4237	-0.8902	1.8770	0.6305
0.3105	-0.4167	-0.5912	-0.4867	4.2098	2.1991	0.1195	-0.7879	-0.3641	-0.2720
2.5426	2.7757	-0.3310	0.5070	-1.8022	-1.0933	-2.1218	1.2977	0.7853	0.1651
2.9269	4.9675	-1.0956	-2.3192	-2.0769	-0.8649	-1.1171	-0.4524	-2.2661	-1.0093
1.3730	2.4961	0.2993	0.3047	1.0886	2.3354	-0.7558	1.2332	-0.9464	0.0517
3.0150	4.0860	0.4104	0.6972	1.4131	1.0194	-0.9006	0.8017	-1.3913	0.7506
0.8853	2.2424	0.1694	-0.0500	-0.8130	-0.0566	0.9670	0.5937	0.2001	1.4033
2.5808	3.2643	2.0774	-0.5759	2.9514	2.0445	0.8901	0.5615	-1.1285	1.5069
0.2194	-0.3031	-1.0918	0.5548	0.5787	4.4615	-0.7991	0.2982	0.4808	-1.1059
1.1683	3.5085	-1.2539	1.0488	2.0673	0.2519	0.8092	-1.5412	-0.5402	1.2790
0.7865	1.7950	0.2386	0.6014	2.6811	2.9823	0.5514	0.3685	-0.4748	-0.4872
0.8206	0.6545	3.3057	0.5274	-0.5429	-2.3076	-0.4608	-1.6084	0.9276	3.0031
-1.1363	-2.2050	-1.8049	-1.3835	-0.2757	0.9608	0.2361	1.6653	0.7730	2.5416
-0.5055	-1.5509	1.4115	1.0230	-2.5330	-1.3303	1.0183	-1.0904	2.4115	2.3369
-1.9196	-2.3908	-0.3223	1.1538	1.1311	0.7027	-0.2959	1.8587	1.3054	-0.6622
-0.1555	-0.3226	-0.7580	-0.0221	-0.4027	-1.2283	-1.3335	-0.8341	-0.6047	1.8274
-3.8959	-5.5250	-1.7622	-0.8936	2.2526	-0.1538	-0.5717	1.5711	-0.8106	-0.6313
0.7958	2.1784	0.7086	0.1267	-0.2761	-0.6410	-0.2300	0.4985	-0.7034	1.1980
0.6527	2.0126	0.5532	0.0165	1.4747	-4.6326	0.8421	-0.0929	0.8680	2.1622
0.3543	2.2184	0.6486	-2.1479	0.9646	1.9287	0.6413	-0.7477	0.9869	-0.5994
1.0674	-0.4165	-0.0394	-1.8161	0.0491	-3.5849	-1.1605	0.8460	-4.2339	1.8887
1.3564	2.8654	0.1205	-0.0270	1.5926	-0.6147	0.7366	0.4272	0.2198	-0.9419
4.4081	6.6774	0.2039	2.5952	1.2888	0.1887	0.1909	-2.3685	-1.8830	1.8970
-1.1350	-1.3020	-0.2796	-0.1390	0.3482	-0.3150	-0.8353	2.5102	-2.9035	-1.3685
0.8390	0.1749	-1.5876	-0.4902	1.8232	0.2375	1.2351	0.8253	-2.2244	-0.8468
1.8375	3.9733	-1.4123	0.0766	-3.5066	-1.2446	0.6872	-0.3834	2.1572	1.2255
0.4823	0.0865	-0.9284	-1.1524	-1.9977	-0.6986	0.8415	-0.3643	-0.2598	0.4979
1.5580	-0.6948	-1.1328	-1.7383	0.3424	2.4736	-1.2535	0.0478	0.8256	0.0266
-0.8442	-1.7591	-2.5206	-1.1918	-3.9987	-4.0332	0.2093	1.9399	-1.2688	0.7608
2.0007	4.0929	1.6364	-2.5519	-0.2720	-2.0858	-1.6751	0.7888	1.2605	-0.9978
0.5838	0.9786	1.4800	-0.9766	-1.1963	0.7928	-0.5261	-0.3043	-0.5551	0.8853
-0.0661	1.2538	0.9733	0.9473	1.1409	-3.1758	-0.1841	0.4599	-0.0379	-0.2879
1.4203	3.0542	-1.0954	1.7326	0.8554	0.2085	0.4504	-0.2501	2.3488	3.2170
-0.3264	-1.5506	0.9801	1.5162	-1.5688	0.3975	-0.1277	1.3187	0.9506	0.7619
-2.1374	-4.1232	-0.9325	-0.3006	-0.1625	0.5513	0.0768	-0.6199	0.5182	0.7430
1.1449	1.2879	-0.6170	1.3822	0.1280	2.0374	0.0261	0.4195	-0.3596	-0.2613
2.2823	4.0294	-0.4949	1.1716	0.8828	0.7970	-1.1024	-0.5986	1.3449	0.3298
-0.7516	-1.2108	1.9445	-0.2360	1.1486	-0.2891	-1.0818	-0.6111	-0.2199	2.8255
-2.5142	-3.0037	3.7591	-0.8373	2.4798	1.7399	-0.4916	-1.6243	4.0896	-2.0309
1.6423	1.4339	-0.1701	-0.6749	-0.2556	-0.5636	0.3462	-0.9320	0.1160	0.0226
0.2382	-0.6090	1.5842	-1.2567	0.8723	-0.0169	0.3553	1.9630	0.1803	-1.1256
1.7729	1.9530	2.1775	-0.9602	2.2597	-1.2163	-0.0511	-0.0519	-1.0975	-0.9312
-0.1945	-0.0186	0.7130	-0.8767	-2.4333	-0.9796	0.6076	-0.6908	-2.4481	-1.6183
1.1551	1.9831	1.0744	-0.7204	0.5064	0.0426	0.1647	1.2852	0.3167	0.7022
1.9159	1.8650	0.5617	1.0561	3.9392	1.3713	-0.9835	-0.0698	1.3917	2.2449
3.1663	7.3925	2.6532	0.3570	-0.9560	-0.2527	0.0774	1.4874	-0.9387	-0.9600
0.2861	0.4390	0.3283	0.4523	-0.1840	-1.7787	-0.0831	-0.4957	2.2936	-0.8207
0.3228	0.2122	1.2352	-0.6125	-1.6864	0.3556	-1.0739	-1.5340	-0.6063	-0.0051
-0.0258	-0.3609	0.5627	-0.0145	1.0177	-2.0897	1.7135	-2.1698	2.7590	-1.3318
-0.2727	1.6532	0.4486	0.2381	0.1790	2.4263	2.1716	-2.0173	0.0614	0.6620
3.1884	4.3853	2.8086	-0.1380	3.6903	-0.4319	0.9789	1.0923	3.8830	0.6225
-2.0755	-3.3524	-2.4358	0.8867	0.8867	0.5591	0.1418	-1.5834	-2.1181	-0.2812
0.2081	-0.1961	-0.2864	1.0932	1.8078	-3.4289	0.3153	1.2960	-1.9479	-0.4162
2.1795	3.1014	-2.2244	0.0574	-0.8660	1.2771	1.2479	0.3442	-1.3075	-0.2188
-0.8069	-0.2142	-1.4469	-0.3139	-0.6856	0.9168	-0.5276	0.0318	-0.6496	0.0006
0.4149	-0.4515	2.6297	1.0267	1.4063	-0.2152	1.8302	0.1933	-2.9768	-1.9682
-0.2780	-0.7222	-1.0123	-0.2947	-1.3030	-0.5167	-1.0947	0.1800	-3.0708	-0.2816
2.0213	3.8301	-2.1213	-1.0164	-1.6946	-0.1343	-0.3448	1.7478	1.3389	-1.5325
3.0259	5.4205	0.8363	-0.5897	0.9562	3.3004	0.8945	-1.2273	-1.5435	0.6350
2.2721	3.3783	-1.1179	0.8425	-1.7670	0.9329	0.5294	1.4286	1.9405	-1.0123
1.4787	2.2151	2.2253	-0.1388	0.7716	-0.4179	-2.0309	0.9059	1.1311	0.8116
2.5627	1.7278	-1.2433	0.3831	-0.8083	-0.8219	0.6179	-0.3862	-1.5258	-0.6961
-1.8721	-1.4253	-2.6540	0.2950	1.2453	-0.9203	0.7178	-0.1458	0.7375	-1.7084
-0.1729	1.8004	-2.2704	-0.7847	0.3810	-1.3011	0.2769	-2.2399	0.4967	-0.4118
-2.9185	-2.7624	1.4853	0.8682	-1.4314	-4.6573	0.0295	-0.1361	-1.2050	1.0019
-1.0713	-1.4315	-0.3717	-0.0516	0.0126	0.7677	1.0321	0.1398	0.9118	0.3816
-0.8589	-0.4529	-1.1999	1.5219	2.5659	-0.7270	0.0507	1.4988	-0.1597	-1.0882
-0.3326	-1.1904	-1.0576	1.9184	-0.1069	-2.4526	-0.6174	2.0701	-0.7147	1.6599
-0.5278	-1.4835	-1.0253	-0.3914	0.1458	0.0920	0.4373	-0.4007	-1.7203	-0.0720
0.5939	-0.2549	-0.4925	0.6743	-0.4992	0.9355	0.8165	0.0639	-1.1791	-1.7341
-0.2013	-0.6113	2.4329	-0.1268	-0.4460	0.5518	0.4619	-0.3884	2.5892	1.3687
-2.6672	-5.7114	-1.0960	-1.2636	1.1252	-0.5829	0.5250	-2.7070	-2.2870	1.6044
-1.4519	-3.1809	-2.1482	0.1976	1.1624	0.0421	0.7497	0.0956	0.6493	1.0752
1.2757	2.0500	0.5882	0.3777	-2.1871	-0.1034	0.5173	1.6468	-0.3344	0.2289
1.0148	2.5076	-0.4391	-0.0781	-1.5240	-2.4950	0.3553	-0.5007	-3.2150	-0.1765
-1.6078	-0.8897	0.1467	0.4881	-0.2750	1.8418	0.5283	1.1802	1.8063	-0.7419
1.6686	3.3967	1.8545	0.8258	0.4143	-0.3798	-0.0469	0.2236	-2.8331	2.3897
-0.1159	-1.4720	1.3701	-1.0194	0.5994	-0.5129	-1.6168	0.3605	1.2719	0.5488
-3.2637	-5.2109	1.9378	-0.1468	0.0430	2.0311	0.1233	-0.2614	0.2187	1.2361
-1.7164	-3.0391	-0.7227	-0.7750	1.0798	0.4240	-0.5149	0.0508	1.0803	-0.4792
0.0545	-3.0970	0.6428	-0.9256	-2.6082	0.7690	1.3280	-0.2467	-1.5945	0.2304
1.5750	1.8682	0.4166	0.2092	2.0265	1.0280	-1.3715	-0.2369	0.2145	-0.0964
-0.7193	-0.0655	1.3775	-0.8091	3.4862	-0.7079	-0.9068	-1.8983	-0.0627	-2.6930
0.5960	1.9676	-1.0025	0.2817	-1.7136	-4.3229	0.9412	0.2141	-0.5446	1.0772
1.1673	2.3763	-0.8622	0.0207	1.2175	-1.8978	-0.1876	0.8907	-1.6200	1.9119
0.3671	0.5777	1.1578	-0.3087	1.6759	2.5031	-0.3639	-1.0103	-1.6476	-0.1493
-1.4383	-2.6280	-1.3939	1.0349	-0.0276	-0.2958	-0.2388	-0.0026	0.2881	0.5843
-0.3801	0.4470	1.1147	1.3156	-3.1639	-1.7077	-0.9426	-1.6774	-0.1710	1.3775
0.5389	1.2017	0.2097	-0.8792	-0.4561	-3.8393	-1.7421	0.3044	-1.6671	0.8642
0.7392	-0.6506	3.1458	-1.6797	-0.1519	-0.6782	0.7528	0.5334	1.6480	-1.1307
-1.6667	-2.3964	-3.4199	0.4280	-0.6522	2.2276	-3.5860	-0.7028	-0.9923	-2.5950
-3.6267	-5.2984	-1.5987	0.5851	0.4907	0.9658	-1.2590	0.3079	-2.8162	1.5517
2.0227	3.3064	1.7478	1.2218	1.1279	-1.8501	-0.4590	-1.2509	0.3688	-0.7428
1.9350	4.2229	-0.6499	-0.0051	0.0296	-0.2860	-1.2758	-1.8518	0.9017	-2.3443
-2.2271	-3.4452	1.5062	-0.4143	-0.1372	-0.7261	-0.1923	-1.1051	-1.3129	-2.6741
-0.8006	-3.0100	-0.7406	1.0223	0.3715	0.7511	1.8243	-0.8168	-0.1042	-1.2580
-1.0285	-0.3681	-1.2697	1.3968	3.7421	2.7523	-0.5926	-0.4275	3.6509	0.4266
2.7559	4.6403	1.2301	-0.4939	1.1435	0.5761	0.7448	-1.2428	3.1925	1.9081
3.4297	6.0360	0.1764	-1.7622	0.7317	-0.9531	1.4579	-1.1063	-0.0234	-0.6951
0.8530	0.0347	1.9807	0.4146	-3.5696	0.9730	1.0186	-0.8597	0.7096	-1.2755
-0.6946	-0.7924	-0.4546	-0.7894	-0.8444	0.4444	-1.5661	0.5956	1.7124	-1.2806
-0.2280	-0.8779	-1.1370	-1.3633	1.6866	-0.8545	1.0531	0.7811	-4.9382	-0.2141
0.1918	-0.5308	-1.7570	0.3150	2.5005	0.8502	0.3142	0.8256	0.3157	-0.6150
-2.3003	-3.6303	0.5786	-0.8404	-0.7217	-1.2273	-0.6173	0.8576	2.6987	-0.4352
4.2419	7.3679	-1.1006	-0.3253	3.1199	-1.2910	-0.9730	1.4792	1.3715	-0.8415
2.1718	3.9166	-1.9401	0.6667	-4.3987	-0.3046	1.2664	-0.1889	0.6912	0.7868
-2.1910	-4.9408	0.5532	0.7329	0.4363	-0.5895	-1.1606	1.6435	0.9331	-1.4426
1.5106	1.5755	1.3025	0.6974	2.6347	-0.7737	-0.2658	-0.8042	-1.3845	-0.2761
-3.4142	-4.9338	-0.6957	-2.0749	-0.9515	1.0603	0.7876	-0.3234	-0.7630	-1.5102
0.9623	1.4641	0.2779	-0.3279	-0.1211	0.1116	0.8392	-1.1313	-0.3047	1.1550
-0.3119	0.6387	-0.0077	2.1898	-0.1897	1.5248	0.9823	0.6797	-0.6250	0.3009
-0.4114	-0.3455	-0.3101	-2.3046	1.4474	-2.4074	-0.5337	0.5808	0.6102	1.4374
1.1512	3.1166	-1.4250	1.5125	2.0390	-0.4611	-0.8673	1.5333	-0.3620	0.2697
0.7567	0.6186	-0.3134	0.0429	-1.2453	-2.0714	-0.0355	-1.2232	0.5410	-0.6906
-1.0036	-1.0602	0.1171	-0.7411	1.0413	1.2089	-1.4710	1.5438	3.5184	-0.5403
-2.8810	-3.9619	-0.9523	1.0760	-0.5931	-1.1792	-1.0645	0.1823	4.4351	-1.1966
0.5727	1.6993	2.4932	0.7636	-0.2957	1.5588	0.2489	0.4708	0.5319	-1.5877
-2.7508	-4.1181	0.2781	1.7275	1.1608	2.8239	-0.9695	0.2785	0.6314	-1.2348
0.2592	-0.1253	-1.0914	0.2880	-1.1736	1.2038	-1.5783	0.5173	2.4794	0.1422
0.2484	2.3177	-0.8961	1.4244	0.5033	0.7445	1.4202	0.6901	-0.4289	-0.4110
-1.3794	-4.3981	0.7727	-0.5688	-0.2955	-0.7159	-0.0952	0.9719	1.0311	0.2870
-1.3963	-0.9829	-2.0635	-0.3347	2.6927	0.6619	0.0982	-0.5097	0.8112	-0.1651
0.1565	-1.6820	1.5730	0.3585	-0.3330	0.3771	-2.7151	0.1130	0.0038	1.4290
0.3787	-0.0823	-1.7669	0.8034	0.0252	-0.6191	0.3844	0.2660	0.3325	-0.0101
0.7566	1.9459	1.2540	1.4336	-0.3065	3.1422	-0.3011	0.7202	-1.4250	0.3249
0.2759	0.0551	0.7504	1.4314	0.4826	-3.6514	1.3162	0.1268	-1.0933	0.1179
2.6420	5.9474	-0.0006	-1.0769	0.1932	-0.5842	0.1068	0.9919	-2.6183	-0.6808
2.6991	4.1458	0.5813	1.3821	0.5838	0.1723	1.7464	1.0193	-0.5060	0.4208
-1.9255	-2.9573	0.9976	-0.3648	1.0945	-0.1690	1.1411	2.9660	-1.1366	0.6330
-2.1033	-3.7641	0.0824	-0.2678	-0.6356	1.1015	-0.6688	-0.3285	-0.0674	1.0018
-0.9049	-0.7739	-1.4095	-1.7606	-0.8671	0.7779	1.0797	-2.4635	-2.0485	-0.2477
0.7237	1.3245	-0.3441	-0.6920	0.3962	0.9493	-0.6596	0.5851	-1.2838	-1.9986
0.9227	0.9150	3.2635	0.4531	0.2981	0.5018	0.4562	0.8836	-0.2362	-0.4571
1.4697	2.2428	-0.5108	-0.1266	-0.4471	-1.2383	-0.3783	0.8623	-1.2430	-0.3514
-1.7696	-1.2904	-2.1506	0.6088	3.9307	-0.6695	0.7367	-0.0120	0.9914	2.8874
-0.7747	-2.1651	1.4958	-2.1959	3.0976	-0.7493	-2.4114	0.7670	-0.3885	-2.1817
0.8155	1.6183	2.0778	-0.2594	-2.0286	0.1050	-1.3529	-0.3959	3.2077	0.3749
0.7850	1.3553	0.3059	0.6632	1.0240	1.0869	1.3772	-0.1275	-1.8948	-0.9449
-0.6497	0.5509	-1.1800	-0.8112	0.6712	-1.2142	0.6997	-0.2360	1.7652	-1.5020
-0.7966	-1.9777	-0.9176	1.2837	-0.8946	0.4216	-0.7546	-1.2561	-1.9815	-1.7763
-1.2620	0.0012	0.4571	-1.1928	2.1802	-3.6464	0.2077	-1.8799	-0.4779	0.6948
-1.6295	-2.9048	-0.1134	2.0071	-2.7527	1.5031	-0.1468	-0.4025	4.1784	0.7579
-1.4225	-2.2003	-1.1523	-1.1644	4.2539	-1.5293	-2.4110	-1.4146	2.7440	1.1116
-1.2067	-1.2895	2.6667	0.9399	-0.3859	1.7114	2.5186	2.0844	-1.8207	1.9158
-2.7733	-3.9391	2.4871	1.4503	1.8276	2.9754	-1.6292	-1.6795	0.4052	3.6653
-0.9038	-1.2370	-1.7108	0.8226	-0.5969	1.2789	0.4447	0.2726	-2.5962	1.1285
0.0251	-0.2589	-0.6056	1.6910	0.7823	-1.6525	0.2187	-1.3883	0.8212	2.6172
0.7459	1.8216	-2.5557	-0.3526	-0.5904	1.2898	1.4605	0.1993	-1.4135	0.0372
-1.4865	-2.5560	-1.5580	0.0242	0.4577	0.9870	0.1114	-0.0349	-0.0805	1.0863
-0.9528	-0.5104	-1.1977	1.6398	-0.2886	0.6735	-0.7678	-0.2349	-0.6457	-0.2926
-3.1408	-3.9267	-1.1210	2.0538	0.0411	-0.1591	-0.9760	-1.1948	-0.1220	-1.9371
1.9810	4.3504	1.1366	0.4100	2.0396	-1.4351	-2.0806	-0.4564	2.0027	1.6215
0.7281	1.5739	0.4512	1.0659	0.8022	0.3251	0.0227	-0.4524	1.4958	-0.1005
-2.1092	-4.5168	0.2902	1.4125	-1.1835	-1.2544	-0.9448	1.0966	-0.8056	-0.5299
0.9303	0.4708	0.5105	0.1370	-2.6071	-0.8380	-1.8137	1.5962	1.5365	1.0069
0.8606	2.4558	0.5397	0.8818	0.4790	-0.7145	-0.3596	-2.2166	-0.5008	-0.3809
1.9276	1.3081	0.2696	-0.9536	2.2995	0.0403	1.0817	0.1094	2.1846	-0.3470
2.7151	3.3129	0.0120	-1.4459	-0.2315	-1.3845	-1.9548	0.6305	1.3085	-0.1805
-0.6059	1.6806	-0.3718	0.6748	-2.3443	-0.5912	2.3735	1.0398	-1.7300	1.5442
3.2047	4.3830	2.3555	-0.7381	1.2095	-0.9765	0.6166	1.1489	-2.5938	1.2504
0.1510	0.6670	-1.8304	-0.1389	0.1715	-0.8977	-0.4404	0.2519	-2.7111	0.3008
2.9650	5.1133	0.1965	-1.1857	-0.4625	1.2861	-1.1995	1.3040	1.0142	-1.2406
-0.2063	0.3870	1.0393	0.7077	-1.7574	-0.5829	-1.2979	1.4950	0.0232	-0.6461
2.6568	2.3686	0.2946	0.4819	2.6337	-0.6719	1.1028	-0.6033	0.7461	-0.4969
1.3149	2.5976	0.9555	-1.1299	-1.1166	-1.1056	-1.0325	-0.8084	1.2327	1.5872
-0.7256	-0.8801	0.2216	-0.3534	-0.3159	-0.2593	-1.2249	-1.3494	0.5832	0.7158
-2.5879	-4.7407	1.6259	1.2970	-0.5180	0.1673	-0.4539	2.0900	0.0387	0.0648
-2.1032	-4.0668	-3.4102	0.0180	0.0137	1.3725	0.9575	-1.6135	0.5721	-2.1369
1.8438	3.2821	-1.7353	0.6498	0.8503	-0.1563	1.0514	1.7595	-0.0853	1.5581
-1.0212	-2.6841	3.1949	0.4607	3.5519	0.6575	0.5298	1.5415	-0.8365	1.5649
0.5104	1.2035	-1.6264	-0.8873	0.8071	-1.8145	-1.3099	-0.8042	0.0762	-1.2563
-0.9306	-1.8683	0.5840	1.5593	0.3086	-0.5835	0.0835	0.2639	-0.5651	0.0702
-0.5252	-1.4053	4.1696	0.9005	-1.8721	1.4364	0.5258	-0.7906	-2.0875	-1.1926
-0.3639	-1.7166	1.0540	1.5240	1.1076	1.0686	-0.0086	0.2399	0.5922	0.5803
-1.2386	-3.0698	0.1964	-0.4286	0.6060	1.0974	0.8897	0.6468	-0.5145	0.2910
-0.3931	0.7022	1.9819	1.5042	-0.6115	0.4074	1.2334	0.9491	-1.8717	-0.6439
-2.3241	-2.1426	-1.6988	-0.0644	0.6063	0.9062	-0.1337	0.0933	0.9927	-1.5328
2.5447	2.3310	2.4480	-0.1262	0.5741	0.9994	-0.3140	-0.3352	2.8216	-1.8299
-1.6988	-2.8540	-1.6747	-0.4915	-0.1883	-1.2792	1.4914	-0.6995	-1.9658	0.1250
-2.5901	-1.8719	-1.4833	-0.4374	-1.0984	-0.6030	0.7734	0.5687	-1.4776	1.0328
0.5373	0.8014	-1.0330	0.7425	-2.6111	-0.4582	-1.0238	0.9612	0.7327	-0.8002
1.3231	2.6974	-0.2922	-0.7345	1.1234	1.1042	-0.0085	-1.1307	0.8977	1.7039
0.5860	0.6059	-0.0001	0.2785	-0.2749	-0.9107	-0.9908	-0.5442	-1.2519	-0.0627
-1.2807	-1.9199	-1.5743	-0.1927	-0.4688	1.6364	-1.2772	0.2939	1.3731	0.7258
-0.0099	-0.3616	2.1926	1.8295	-0.7142	-0.4859	1.7755	-0.7694	2.9974	-0.4813
-0.2395	-0.5290	-0.8489	1.8641	-0.8508	1.8219	-0.8068	-0.3806	-1.3128	2.4066
-2.4627	-2.6513	0.2980	0.8817	-0.9314	1.8839	0.1232	1.4838	-0.8423	0.6798
1.4766	3.3286	-1.3426	0.9615	1.0108	-1.7157	1.0538	-1.0149	0.6307	0.8402
2.3828	2.6495	1.6285	0.5146	0.6103	-1.0258	-1.2059	0.1948	-0.0062	-0.3882
1.4844	2.5147	-1.5366	0.0971	-1.1937	1.0090	0.5300	0.1584	0.3896	-1.5826
1.4050	3.6593	1.6238	-1.6031	-0.7264	0.9600	0.5821	0.9977	1.5086	-2.5182
-0.1577	-1.0509	0.7810	0.8196	-0.9576	-1.3545	-0.2766	-0.4916	-0.2184	-1.4433
0.6097	1.1673	-0.3184	-0.7478	2.1933	0.0969	1.3168	0.3475	-3.0030	0.7247
-1.3575	-1.6283	1.7293	-0.3376	2.3085	1.4079	-0.2781	-0.3278	-0.7589	-0.8407
-0.4326	-1.7621	1.4747	-0.5175	0.0739	-0.9510	-0.1619	0.1630	0.6742	-0.6277
0.0653	1.8376	0.9766	1.9819	-1.7779	-0.7889	-0.4050	1.2056	-0.9379	0.9854
-0.2900	-0.6579	-1.2779	-0.3683	-0.5546	0.2881	0.7127	-1.5197	0.9647	-0.8734
0.7252	0.9789	-1.1475	0.2952	-0.9258	0.2543	1.6593	0.7836	1.8253	-1.4957
1.5880	1.0054	3.8091	-0.6270	-0.3757	-0.8843	-0.1383	-0.5670	2.3212	-1.1588
2.0376	3.4418	2.1538	-0.4697	1.3427	-1.6476	1.5200	-0.5207	1.1890	-1.3745
-0.9126	-2.1087	-0.3850	-0.1724	4.7324	0.3171	2.2509	0.8849	2.1308	-1.6690
-0.2301	-0.5946	-2.5001	0.5000	-0.4433	-2.2757	0.5549	1.1442	1.4109	-0.1810
0.5483	2.5613	-0.6769	0.0839	-0.7371	0.2292	0.2850	-1.0643	0.2157	-0.5899
-3.8362	-5.4328	-2.3576	-0.5409	-0.4464	-0.4963	-0.5048	-1.2131	0.3809	3.2096
-0.2802	0.7881	3.1744	-0.1437	1.1597	0.9111	-0.0768	0.2154	0.3782	-0.0551
-1.1310	-1.7183	0.8216	-0.5561	-0.4607	0.1251	-0.1708	0.6150	-1.0964	1.3333
-1.3571	-2.6490	3.9968	0.7032	-1.0423	-1.2629	1.2199	1.2189	0.3381	-0.9102
2.2529	3.6315	0.1508	0.2870	-2.1040	-0.7324	0.3956	-0.1436	-0.1426	1.0128
-2.1251	-2.0652	0.1563	0.6148	0.3563	-0.5581	1.8903	0.9165	-1.3303	0.5274
-5.2024	-6.9962	1.4924	-0.4293	0.1021	3.3616	0.2428	1.1430	0.3182	0.6594
1.3017	2.0905	-1.6043	-0.0716	-2.8244	-1.2901	1.2289	-0.5136	2.2546	0.7196
-0.9423	-0.2116	0.9768	1.2797	-1.1819	-1.9673	0.7178	0.6994	1.9859	-0.6203
-1.1152	-2.4555	-0.0699	0.9144	3.3436	0.5127	-0.8210	1.0731	2.9497	-0.8151
0.9037	1.0735	1.4492	0.9074	1.8035	0.0876	-1.7011	-0.0489	2.5939	0.8445
1.1784	0.2086	0.5359	-0.6693	0.1639	-1.9207	1.1263	-0.0898	-3.2232	-0.6052
1.3864	1.6748	1.7200	1.8073	-2.7397	-0.3505	0.4724	0.8509	-1.5371	0.4122
-1.6658	-2.8305	1.9523	0.3640	0.2413	-0.4152	-0.8046	-2.6713	-1.3552	-0.2087
-1.4170	-1.7925	0.0299	-1.6373	-0.7531	1.4263	0.8062	-0.8061	-4.2743	0.2098
0.3705	1.9138	2.2398	0.1997	-0.7839	-1.8026	0.2895	1.0999	-0.7352	-0.8420
-4.3950	-6.0196	-1.8342	-0.1307	1.7409	-2.1087	-1.3041	-1.7916	-1.2279	-1.4369
-0.3273	-1.5397	1.3481	0.8312	-2.7012	-1.6772	-0.8595	0.4711	-1.6666	0.2288
2.7178	4.1714	-2.5366	0.3642	-2.9887	1.3600	-2.5763	0.2526	2.8647	1.2814
4.6557	8.8608	1.5432	-4.2293	3.3115	-1.2981	0.3174	0.0024	0.7271	-0.0438
0.6452	1.2342	0.7090	-1.5505	-0.5618	-1.1112	-0.9565	-0.2998	2.0279	-0.5134
-1.7891	-2.5135	-0.7153	-0.9296	0.5774	-1.5040	-0.1882	0.5752	-3.1650	1.0833
1.5141	4.7048	2.4965	2.4679	2.2806	0.4850	-0.8812	-0.4336	0.4217	1.0384
0.4624	1.2993	1.3079	-1.6073	-1.3061	-3.6568	-0.9789	-0.9986	0.4023	1.3525
1.7779	2.8157	-0.2478	-0.1752	-0.7001	-2.8951	-1.1078	-0.0888	-0.4505	0.3992
1.7308	3.0169	0.6511	-0.2918	-2.2370	-0.3099	0.1465	-1.1044	1.6870	2.9877
-1.7170	-3.4404	-1.6916	-1.0498	0.2317	-2.5066	0.2741	-1.1843	0.4081	-0.0406
-0.1040	0.7315	-0.8781	-0.6032	0.6857	1.4189	-0.5769	-0.5338	-1.6481	0.9148
-1.9142	-2.3410	0.1136	0.9017	-1.1694	-1.6987	0.8294	-0.4717	1.4093	0.9970
0.5301	0.8359	0.3908	-0.6336	0.4190	1.9468	1.0978	-2.1744	-1.0714	1.4054
1.3516	2.2521	3.8640	-0.4532	0.7187	-2.1175	1.4499	-0.2500	0.3787	-0.5656
1.7853	3.5199	-1.2154	0.6821	1.7529	0.6289	-0.7659	-1.0295	3.4726	-2.2452
2.8638	4.4132	-1.2483	0.1088	-0.9285	0.8078	-0.3035	0.3588	0.2801	-0.4807
-0.8509	-3.1139	-2.6300	-1.9427	1.3458	0.9863	-0.0564	0.3196	-2.5235	1.6154
-0.3197	0.2043	-0.4815	-1.2206	0.2175	-1.4709	0.9501	2.4618	0.2783	-0.8251
-1.7238	-1.6142	-3.2501	-0.7094	-0.8396	0.0846	-1.1142	1.9674	1.3528	-0.3201
0.4362	-0.3610	0.5668	-0.2788	3.6979	3.2503	1.1803	0.0051	-3.1448	0.8382
1.2094	2.9302	-2.2621	-0.5474	-0.0859	-0.2967	-0.9036	0.3451	-1.4868	1.7483
0.0073	1.0302	-1.1221	0.9044	-1.6556	-1.2620	-0.0705	-0.7295	-1.4481	-0.5439
-0.1260	-1.1866	-1.6225	-0.5726	0.0816	0.6881	-1.4079	-0.8509	-0.9137	1.0329
2.9342	4.6212	-0.0044	0.8858	-1.4532	0.4754	-0.2223	-0.4663	-1.1115	-1.2253
1.4150	0.5045	1.9330	-0.8512	-0.4000	-0.2684	-1.9679	-1.1076	-0.4022	-1.1866
-0.8771	-2.5842	-1.3064	0.7382	-0.0852	-2.5439	0.0628	-0.7505	2.0456	-1.4901
-0.7447	-1.2748	-0.1065	-0.7581	0.0245	1.1974	0.2601	0.4680	-3.0799	-1.5969
0.2461	0.6150	0.9697	-0.8978	-1.5513	-0.4614	-0.9358	0.7255	0.2440	0.7117
1.8142	2.1354	-0.0836	0.3841	0.0553	0.2059	0.9266	-0.0353	-0.7127	0.3783
1.6862	2.0498	0.0643	0.6328	0.7147	3.0423	1.1314	-2.3574	1.4796	0.5025
-1.4255	-1.7325	-1.3535	-0.2539	-1.4048	-3.4088	-0.5336	0.1233	2.0655	1.3467
3.2553	2.2993	-0.7377	-1.3411	-2.1398	-1.1658	0.7606	-0.7546	-0.4463	-2.0117
-0.4583	-0.3277	0.5888	1.9251	-0.3391	0.0210	-0.4553	-0.6292	1.3921	-1.6737
-0.2340	-0.9645	-2.0036	-0.0267	1.7947	-0.5244	1.0088	-0.9865	1.9047	-1.3705
-0.6097	-0.3482	-0.7666	0.1684	1.7079	1.4754	0.7873	0.1448	0.1199	0.8511
0.7283	-1.2817	0.1944	-0.0338	0.4869	1.2531	1.1040	0.5533	0.5360	-0.2439
-2.2623	-3.1477	1.2296	-0.2081	2.9771	-0.4506	-1.1430	-0.6656	0.5877	-0.0803
0.0454	0.5962	1.3152	-0.0855	0.2381	-3.3721	0.4155	0.2683	-3.9167	-0.2359
1.6599	3.5048	1.4899	0.0553	1.0074	-2.0172	-0.0307	2.4598	-2.3965	1.3462
-1.1111	-1.2579	-0.1187	1.0370	-0.2256	1.3559	0.6571	0.9443	-1.4508	0.7191
-0.3108	-1.3495	-1.4270	0.8624	1.5743	-1.3046	-0.6174	0.8240	1.0721	2.3082
2.1648	3.1981	0.8637	-1.0617	-1.1674	0.9571	-0.3582	-1.4421	1.8217	-1.5783
0.6909	0.4446	-0.0196	-0.4333	-1.4945	-1.8354	0.8878	-0.5545	-0.4294	-0.0013
0.7155	1.7880	-1.3909	0.5959	-2.8753	0.3602	1.4628	0.3466	1.0351	0.3310
-0.7987	-1.1586	-0.3600	1.1017	1.7580	1.7473	-0.3177	0.8339	2.1225	0.1465
-2.1746	-2.8361	2.0030	1.0123	1.4428	-1.2677	-1.1867	1.0719	-0.3101	0.3676
-3.1087	-4.9864	1.3513	1.7334	1.1875	1.2380	-0.0071	0.9541	-2.4223	-0.4684
-0.6397	-1.1520	0.0388	0.6496	2.0850	1.6156	-0.1822	-1.3099	-2.7160	0.5788
1.4582	3.6228	1.0929	0.4922	-1.5532	0.5855	-0.2869	-0.1745	-1.1142	-2.4137
-0.0354	1.0195	-0.4346	-0.2636	1.0157	-1.9969	1.1981	-0.5522	-3.7335	1.8055
1.5767	3.3084	1.4827	0.3338	-0.7307	-0.1884	-1.1948	0.6590	5.0902	-0.5203
-0.2518	-0.0766	-0.3773	0.5687	0.7450	-2.6767	0.1292	1.0732	1.3736	0.5029
-1.7487	-0.0109	1.2989	-1.3845	0.0046	-1.6956	1.2240	1.5496	3.1615	-0.9732
1.3326	1.1045	-0.6149	-0.6915	0.6465	0.8581	1.2411	1.1616	-0.2372	-1.5655
1.3298	-0.2238	0.7900	1.7716	-1.4220	0.6530	-0.2022	-0.2928	0.0577	1.2356
0.4959	0.0376	-0.5086	0.1927	3.0964	2.8899	-0.7878	1.1384	-0.4722	1.4358
0.4422	0.8854	1.9368	-1.8923	0.4174	-0.2816	-1.1131	-2.3959	-0.7935	1.2809
-2.0537	-2.7127	0.3042	0.1262	-1.2150	1.2118	-0.2403	-0.0300	-0.9889	0.1934
-2.4308	-3.4526	0.4116	2.2089	4.0573	1.1102	-0.8723	1.5915	2.2185	-0.3645
-1.6225	-2.7316	-3.6037	-0.4869	-0.4751	-0.0446	0.2477	0.0929	-0.0893	0.0302
-2.3087	-4.6460	0.9705	-2.2661	0.1658	-0.3718	0.5620	-0.4958	1.8924	-1.0911
0.9747	0.1919	2.2849	-0.4792	0.8799	-0.5421	1.6675	-0.7602	-0.3988	1.5440
1.3065	3.1378	0.3900	-2.1351	-3.3348	1.7102	2.2776	-0.8891	0.2135	-1.1411
0.6413	-0.4249	-1.1262	0.0759	-1.0790	0.0305	1.1356	-1.2314	-2.4208	-1.5959
2.7664	4.7459	4.1520	-0.8183	0.4276	-0.7577	1.1560	-1.2328	0.4053	-0.2153
0.4020	-0.4571	-1.1288	0.1283	-1.1769	-0.9789	-0.4111	-0.0507	-0.1081	0.4410
-2.1351	-3.9330	0.7960	0.9043	-0.1015	0.5485	-1.0856	1.6103	-0.9120	0.6104
-1.4011	-1.9609	-1.1787	-0.1333	0.7881	-1.9623	-0.2261	0.4502	-0.5467	1.4870
-1.2689	-2.2829	-0.8766	-0.4072	0.1732	-0.9708	1.3068	2.0273	1.3586	-0.0549
3.9176	4.4633	-0.7156	-1.1411	-1.7131	-0.9392	-0.9591	-0.3604	-0.0246	-2.5182
0.8255	2.2023	-2.2993	0.2166	0.8314	-0.2310	-0.7483	1.6621	-2.1121	-1.1950
1.9040	3.1583	-1.3758	0.3108	1.6178	0.8078	-1.4523	1.0271	-1.8422	1.0822
2.7813	5.2390	-0.9296	0.8187	0.3556	1.2715	0.9211	-1.1074	-0.2867	-1.3292
0.1067	0.2777	-0.4273	0.5487	2.2173	-0.0832	3.7142	-1.2453	-1.6738	1.3312
0.3111	-0.8845	-0.7382	-0.6999	-0.1954	0.5138	-1.2124	-1.5787	0.4762	0.8645
3.2795	5.1929	-1.2356	1.0602	-1.5398	-0.8792	-0.3537	0.1156	0.5767	0.5365
1.3485	3.1483	1.1074	1.3744	0.1402	-1.1072	0.1641	-1.2216	2.5219	1.2992
-0.6097	-1.4873	-2.1424	1.5028	-0.2599	-1.2465	1.0825	-0.4352	1.0727	1.1761
-1.2817	-2.1353	-0.7068	0.4750	-3.3438	0.0512	1.4469	1.5066	-1.5949	-0.5425
0.0952	-0.1027	-1.2247	-0.4809	1.7332	3.5618	0.4382	-1.3410	2.1272	0.3617
-1.3136	-2.3907	-0.1555	-0.8654	-2.6304	-1.0566	-2.2892	1.7434	-2.0379	3.6275
-1.6819	-4.2927	-1.4640	0.8841	-2.0157	0.4380	0.0370	0.5274	-0.6149	-0.4607
1.4905	1.1595	-1.8125	-1.3389	-1.0747	-0.7320	-0.1672	0.6785	0.4770	0.9866
-0.0985	0.2241	1.2528	-0.3464	1.1691	-1.4152	1.2401	-2.4572	-2.7346	-0.4759
-1.2371	-1.6112	-0.2058	1.2684	-2.9697	1.1298	-1.0695	2.3257	-2.2893	-1.3737
0.2952	0.4176	-1.9283	0.7657	0.8229	-0.3145	-1.0092	-0.2641	-1.8023	0.4789
-1.3041	-1.8312	0.8129	0.3779	-1.1526	-0.7963	1.5287	-0.4546	3.5247	0.1835
-0.2752	1.0033	0.1032	1.3758	-0.3157	1.7133	-0.2441	2.5223	-1.3235	-0.2609
1.8414	2.2600	-0.7362	-0.8995	3.3653	-0.6500	0.1166	1.3387	1.5563	-0.9608
-1.1130	0.1272	-3.1064	-1.6902	0.5864	0.4154	-0.5335	1.3127	1.9107	-1.6164
2.2957	3.1608	0.5895	1.3552	1.8958	1.9252	-0.6023	2.1351	2.6351	-0.8719
0.3896	1.0996	2.1202	0.0614	-0.5239	0.6954	0.2037	-2.5668	-0.6807	2.0073
0.9936	1.6055	1.2862	1.1244	-1.0708	2.7104	-0.1984	0.6734	-0.1009	-2.3426
1.4666	2.6163	0.8856	0.4024	-2.8032	-1.1680	0.8340	-1.4707	0.1893	1.0124
-4.2191	-7.8292	-1.1976	-0.1018	-2.2917	0.7278	-1.2467	-0.4211	-1.9307	1.2839
1.8490	3.1419	2.4983	-0.2175	0.8281	0.0802	-1.4683	-0.5707	0.0822	-0.5578
-1.7697	-1.8851	2.0411	0.6228	3.6423	3.0591	0.3528	-1.1699	1.1908	1.5501
2.7871	1.9864	-0.6085	-0.0648	0.3725	0.8539	-0.4826	-0.8826	0.4052	-1.5538
0.5033	0.4255	1.9114	0.0070	-1.4290	-1.6403	1.7317	-0.6631	-2.0136	-0.5145
-2.7736	-3.8021	1.1855	0.8008	-2.2060	1.7117	-0.0154	-0.2489	-1.3172	0.3129
1.2536	-0.1292	0.8199	-2.1370	1.2835	-0.6375	-2.3265	0.5504	3.8367	-1.1856
-1.3087	-2.0923	-1.4805	0.2729	-1.1680	-0.6778	-0.7805	0.1671	-0.4203	-0.0310
